Position,Group 0,Group 1
1,5.418103448275862,0.0
2,2.709051724137931,0.6131707317073171
3,3.612068965517241,0.408780487804878
4,4.063577586206897,0.30658536585365853
5,4.33448275862069,0.24526829268292683
6,4.515086206896552,0.204390243902439
7,4.644088669950738,0.175191637630662
8,4.063577586206897,0.30658536585365853
9,3.612068965517241,0.408780487804878
10,3.250862068965517,0.49053658536585365
11,3.447884012539185,0.4459423503325942
12,3.612068965517241,0.408780487804878
13,3.750994694960212,0.3773358348968105
14,3.4830665024630543,0.43797909407665503
15,3.612068965517241,0.408780487804878
16,3.7249461206896552,0.3832317073170731
17,3.8245436105476673,0.3606886657101865
18,3.612068965517241,0.408780487804878
19,3.7071234119782215,0.3872657252888318
20,3.5217672413793104,0.4292195121951219
21,3.612068965517241,0.408780487804878
22,3.447884012539185,0.4459423503325942
23,3.5335457271364317,0.42655355249204663
24,3.3863146551724137,0.45987804878048777
25,3.250862068965517,0.49053658536585365
26,3.3342175066313,0.47166979362101313
27,3.4113984674329503,0.45420054200542
28,3.289562807881773,0.4817770034843205
29,3.362960760998811,0.4651640033641715
30,3.250862068965517,0.49053658536585365
31,3.320773081201335,0.4747128245476003
32,3.216998922413793,0.4982012195121951
33,3.1195141065830723,0.5202660753880266
34,3.02776369168357,0.5410329985652798
35,3.0960591133004924,0.525574912891986
36,3.0100574712643677,0.545040650406504
37,2.9287045666356013,0.5634541858932103
38,2.9942150635208713,0.5486264441591784
39,3.056366047745358,0.5345590994371482
40,2.9799568965517245,0.5518536585365853
41,3.039423885618167,0.5383938132064248
42,3.0960591133004924,0.525574912891986
43,3.1500601443464316,0.5133522404991492
44,3.2016065830721003,0.5016851441241685
45,3.250862068965517,0.49053658536585365
46,3.2979760119940034,0.4798727465535525
47,3.3430851063829787,0.46966268811624284
48,3.2734374999999996,0.4854268292682926
49,3.3172061928219563,0.47552015928322544
50,3.250862068965517,0.49053658536585365
51,3.1871196754563895,0.504964131994261
52,3.1258289124668432,0.5188367729831144
53,3.066851008458035,0.5321859180855959
54,3.0100574712643677,0.545040650406504
55,2.9553291536050152,0.5574279379157427
56,2.9993072660098523,0.5474738675958188
57,2.946687840290381,0.5593838254172014
58,2.9892984542211654,0.5497392767031118
59,3.030464640561075,0.5404216618437371
60,2.9799568965517245,0.5518536585365853
61,3.019926512153759,0.5428068772491003
62,2.971218020022247,0.553831628638867
63,3.0100574712643677,0.545040650406504
64,3.0476831896551726,0.5365243902439024
65,3.00079575596817,0.5471369606003752
66,3.0374216300940438,0.5388470066518847
67,3.0729541945445185,0.5308045140152894
68,3.02776369168357,0.5410329985652798
69,3.062406296851574,0.5331919406150583
70,3.0960591133004924,0.525574912891986
71,3.0524526469159787,0.5354448643077979
72,3.085308908045977,0.5280081300813008
73,3.1172649976381672,0.5207751419979952
74,3.075139794967381,0.530309822017139
75,3.034137931034483,0.539590243902439
76,2.9942150635208713,0.5486264441591784
77,3.025694133452754,0.5415014254038644
78,3.056366047745358,0.5345590994371482
79,3.086261457878656,0.5277925285581969
80,3.0476831896551726,0.5365243902439024
81,3.0769476372924647,0.5299006323396567
82,3.039423885618167,0.5383938132064248
83,3.0028043207312005,0.5466823391125477
84,2.9670566502463056,0.554773519163763
85,2.9958924949290062,0.5482467718794835
86,3.024057738572574,0.5418718094157685
87,3.051575505350773,0.5356433978132885
88,3.0784678683385582,0.5295565410199556
89,3.0438783417280124,0.537385585091806
90,3.070258620689655,0.5314146341463415
91,3.036519514967791,0.5390511927097292
92,3.062406296851574,0.5331919406150583
93,3.08773637374861,0.5274586939417781
94,3.1125275128393253,0.5218474312402698
95,3.079764065335753,0.5292631578947368
96,3.104121767241379,0.5237499999999999
97,3.072120511908994,0.5309932109630374
98,3.0407723434201266,0.5380886012941761
99,3.0100574712643677,0.545040650406504
100,2.9799568965517245,0.5518536585365853
101,2.9504523728234893,0.5585317556145858
102,2.9746450304259637,0.5530559540889526
103,2.998367927686642,0.5476864788065356
104,2.9695374668435015,0.5542120075046904
105,2.941256157635468,0.5606132404181184
106,2.913508458035133,0.5668936953520478
107,2.8862794070254587,0.5730567586049692
108,2.8595545977011496,0.5791056910569106
109,2.88302752293578,0.5737927948086821
110,2.9060736677115986,0.5685764966740576
111,2.9287045666356013,0.5634541858932103
112,2.9509313423645316,0.5584233449477352
113,2.9248169057064386,0.5643341247571767
114,2.899160617059891,0.5701412066752246
115,2.8739505247376314,0.575847295864263
116,2.849175089179548,0.5814550042052145
117,2.824823165340407,0.5869668542839275
118,2.8468001168907073,0.5819925589086399
119,2.8684077079107504,0.5771018651362984
120,2.8445043103448278,0.5825121951219512
121,2.8209960102593334,0.5878330981656924
122,2.842283776144715,0.583014794082367
123,2.8191757779646767,0.5882450922070196
124,2.840134872080089,0.583501180173092
125,2.8607586206896554,0.5788331707317073
126,2.8380541871921183,0.58397212543554
127,2.8157073038284004,0.58903015171884
128,2.8360385237068964,0.5844283536585365
129,2.814053728949479,0.5894044242768008
130,2.7924071618037134,0.5943039399624765
131,2.7710910765991046,0.5991286538819586
132,2.750097962382445,0.603880266075388
133,2.7701581540057036,0.5993398129470016
134,2.7494853319608854,0.6040189297415361
135,2.769252873563218,0.5995447154471544
136,2.7887297160243403,0.5951362984218077
137,2.807922225018878,0.5907922378493857
138,2.7875749625187405,0.5953976670201484
139,2.7675204663855126,0.5999368310229864
140,2.786453201970443,0.5956515679442508
141,2.766691122523844,0.6001245459263103
142,2.7472073822243805,0.6045345242184816
143,2.765884977091874,0.6003070100631076
144,2.78430316091954,0.5961382113821138
145,2.8024673008323426,0.592026913372582
146,2.7832723193197926,0.5963715335783495
147,2.764338494018297,0.6006570433051269
148,2.745660531220876,0.6048846407382993
149,2.763596389724601,0.6008250122769684
150,2.7812931034482755,0.596819512195122
151,2.762873943822791,0.600988531739622
152,2.780342558983666,0.5970346598202824
153,2.7621703853955375,0.6011477761836441
154,2.7442342140618,0.6052074754513779
155,2.761484983314794,0.601302911093627
156,2.7437831564986737,0.6053095684803002
157,2.7608170437074455,0.6014540935218269
158,2.7433435181143606,0.6054090768755789
159,2.760165907612232,0.6016014726184997
160,2.742914870689655,0.6055060975609756
161,2.7595309488113084,0.6017451901227087
162,2.7424968071519795,0.6056007226738933
163,2.758911571821451,0.6018853808169983
164,2.7420889402859547,0.6056930398572278
165,2.7254702194357368,0.6094545454545454
166,2.709051724137931,0.6131707317073171
167,2.6928298575263265,0.6168424127355046
168,2.709051724137931,0.6131707317073171
169,2.6930218322791264,0.6167989608890172
170,2.677180527383367,0.6203845050215208
171,2.693209316394434,0.6167565254599914
172,2.677551122694467,0.6203006239364719
173,2.693392465616902,0.6167150711969548
174,2.677913198573127,0.6202186711522287
175,2.6935714285714285,0.6166745644599303
176,2.709051724137931,0.6131707317073171
177,2.7243571011104617,0.6097064902852418
178,2.739490507555211,0.6062811729240888
179,2.7544548256597956,0.6028941272652949
180,2.769252873563218,0.5995447154471544
181,2.7539531339302727,0.6030076809055384
182,2.738821523304282,0.6064325917984454
183,2.753462408140192,0.6031187524990004
184,2.7384979385307346,0.6065058324496287
185,2.7236952469711087,0.60985629531971
186,2.738181312569522,0.6065774980330448
187,2.723538631753642,0.6098917438372244
188,2.737871423330888,0.6066476388168137
189,2.752052545155993,0.603437862950058
190,2.737568058076225,0.6067163029525031
191,2.723235241018234,0.609960413740263
192,2.7372710129310347,0.6067835365853659
193,2.7511613364302305,0.6036395804372551
194,2.7369800924280128,0.6068493839577571
195,2.750729442970822,0.6037373358348967
196,2.7366951090781138,0.606913887506222
197,2.7228032557325395,0.6100581899220007
198,2.709051724137931,0.6131707317073171
199,2.6954383988910067,0.6162519916656451
200,2.6819612068965517,0.6193024390243902
201,2.6955738548636132,0.6162213323625774
202,2.6822294298395355,0.6192417290509539
203,2.6690164769831832,0.6222323681364893
204,2.682492393509128,0.6191822094691535
205,2.6958368376787214,0.6161618084473527
206,2.682750251088048,0.6191238456073881
207,2.6959645177411296,0.6161329091551785
208,2.683003149867374,0.6190666041275796
209,2.6701658142220754,0.6219722254638814
210,2.657450738916256,0.6248501742160278
211,2.670534401045922,0.6218887989827765
212,2.6579375406636303,0.6247399907961343
213,2.670896066051481,0.6218069391961525
214,2.658415243312923,0.6246318668794164
215,2.646050521251002,0.6274305161656267
216,2.6338002873563218,0.6302032520325203
217,2.6216629588431593,0.6329504327301337
218,2.6344906675102817,0.6300469903781607
219,2.6472012281530466,0.6271700634814567
220,2.6351684952978056,0.6298935698447894
221,2.6477609611483848,0.6270433726961703
222,2.6602399813606707,0.6242188529993408
223,2.6483106540899954,0.6269189543913376
224,2.6606758004926108,0.6241202090592334
225,2.6729310344827586,0.6213463414634146
226,2.6611039060115957,0.6240233110295704
227,2.6732492784444783,0.6212743096593962
228,2.6852881125226857,0.6185494223363286
229,2.6735619635597048,0.6212035360528276
230,2.685494752623688,0.6185026511134676
231,2.6973242274966416,0.6158251504592968
232,2.709051724137931,0.6131707317073171
233,2.6974248927038627,0.6158023657489794
234,2.709051724137931,0.6131707317073171
235,2.7205796038151133,0.6105614945511156
236,2.709051724137931,0.6131707317073171
237,2.7204823221300742,0.610583513430071
238,2.731816864676905,0.6080180364828858
239,2.720386668590391,0.6106051637922237
240,2.709051724137931,0.6131707317073171
241,2.720292602661325,0.610626454812266
242,2.7314405813622114,0.6081032049989921
243,2.7424968071519795,0.6056007226738933
244,2.753462408140192,0.6031187524990004
245,2.764338494018297,0.6006570433051269
246,2.775126156433978,0.5982153480071386
247,2.7858264693564148,0.5957934235212797
248,2.796440489432703,0.5933910306845004
249,2.8069692563356874,0.5910079341757273
250,2.8174137931034484,0.5886439024390243
251,2.8061890369556255,0.5911845301719949
252,2.795053366174056,0.593704994192799
253,2.7840057244105223,0.5962055335968379
254,2.773045071952213,0.5986863837142308
255,2.7621703853955375,0.6011477761836441
256,2.7513806573275863,0.6035899390243902
257,2.761757010599758,0.6012413400398595
258,2.77205292702486,0.5989109472490073
259,2.7613500199707093,0.6013334588944345
260,2.750729442970822,0.6037373358348967
261,2.740190249702735,0.6061227922624054
262,2.7504112924453805,0.6038093464904114
263,2.7399534548315194,0.6061763887600853
264,2.729574843260188,0.6085254988913525
265,2.7397202342225113,0.6062291762540266
266,2.74978934404978,0.6039501192004401
267,2.759783029833398,0.6016881337352699
268,2.7494853319608854,0.6040189297415361
269,2.7392641968978335,0.6063323964094659
270,2.72911877394636,0.6086287262872628
271,2.739041226619163,0.6063828638286383
272,2.7289712221095335,0.6086621233859397
273,2.7189749905267147,0.6109246850710265
274,2.709051724137931,0.6131707317073171
275,2.6992006269592475,0.61540044345898
276,2.6894209145427284,0.6176139978791092
277,2.679711813768206,0.6198115699568547
278,2.6700725626395436,0.6219933321635374
279,2.66050241008528,0.6241594544977708
280,2.6510006157635466,0.6263101045296167
281,2.6415664498711497,0.6284454474437983
282,2.632199192956713,0.6305656460819927
283,2.6420433776044843,0.6283374989226923
284,2.6518182370082566,0.6261250429405701
285,2.6425136116152452,0.6282310654685495
286,2.633274053532674,0.6303223605662629
287,2.624098882614442,0.632399082178975
288,2.6149874281609193,0.6344613821138212
289,2.605939028755518,0.6365094100767996
290,2.5969530321046372,0.6385433137089992
291,2.58802879488091,0.640563238622077
292,2.5791656825696743,0.6425693284330103
293,2.588854889961163,0.6403762590526929
294,2.5800492610837438,0.642369337979094
295,2.5713033313851548,0.6443489045059942
296,2.5809208993476234,0.6421720500988793
297,2.5722309299895505,0.6441389504804139
298,2.5635992825734784,0.6460926501882468
299,2.55502537192942,0.6480332816706093
300,2.546508620689655,0.6499609756097561
301,2.538048459159125,0.6518758609513006
302,2.5475850650833523,0.6497173316104022
303,2.5570587231136908,0.6475730499879255
304,2.548647345735027,0.649476893453145
305,2.558055398530243,0.6473474610155937
306,2.5496957403651117,0.6492395982783357
307,2.5590390879478826,0.6471248113132597
308,2.5507305194805197,0.6490053848590434
309,2.5600100435219284,0.6469050438077195
310,2.5517519466073413,0.6487741935483871
311,2.5435469564253244,0.6506313230334876
312,2.5353945623342176,0.6524765478424015
313,2.544604494877162,0.6503919582326814
314,2.5365006589062156,0.6522261923256175
315,2.5284482758620688,0.6540487804878048
316,2.5204468572675687,0.655859833281877
317,2.5295877297944087,0.6537908748172655
318,2.5216330513988288,0.6555913483663138
319,2.5137282455950705,0.657380533679945
320,2.505872844827586,0.6591585365853658
321,2.498066387367064,0.6609254615910644
322,2.4903084172199614,0.6626814119072868
323,2.482598484039714,0.664426489466133
324,2.4749361430395913,0.6661607949412827
325,2.4673209549071617,0.6678844277673546
326,2.45975248572033,0.6695974861589106
327,2.4522303068649163,0.6713000671291116
328,2.4612726030277545,0.6692534205829863
329,2.453791531286029,0.6709466973089183
330,2.4463557993730407,0.6726297117516629
331,2.455333888946765,0.6705975978188784
332,2.4642578936435395,0.6685777255362915
333,2.4731283007145075,0.666569984618765
334,2.465723724963865,0.6682459471301299
335,2.458363355635615,0.6699119038951583
336,2.4510467980295565,0.6715679442508711
337,2.443773662130359,0.6732141564739089
338,2.4365435625382577,0.6748506277962187
339,2.445338724443088,0.6728599179797107
340,2.438146551724138,0.6744878048780488
341,2.446885428253615,0.672509834775767
342,2.4397307924984872,0.6741292255027813
343,2.4326178747361014,0.6757391737182676
344,2.425546311146752,0.6773397617697107
345,2.4185157421289354,0.6789310710498409
346,2.4115258122383896,0.6805131820104328
347,2.4045761701281925,0.6820861741758627
348,2.397666468489893,0.683650126156434
349,2.3907963639956527,0.6852051156614718
350,2.3839655172413794,0.6867512195121951
351,2.3926097848511643,0.6847946633312486
352,2.3858125979623828,0.6863331485587583
353,2.3944026570284263,0.6843888620189317
354,2.3876388077147865,0.6859198015708969
355,2.3961753278290434,0.6839876331157678
356,2.40466388996513,0.6820663195395998
357,2.39792813677195,0.6835908997745439
358,2.4063643806588324,0.6816814279874642
359,2.3996614158102005,0.6831985868605204
360,2.3929956896551725,0.6847073170731707
361,2.38636689273092,0.6862076886696844
362,2.394741855591541,0.6843120873197682
363,2.3881447705899115,0.6858052811933077
364,2.3815839333080713,0.6872902707049048
365,2.3899031648559284,0.6854072836618778
366,2.398176936122103,0.6835345861655336
367,2.391642394061825,0.6850136239782016
368,2.3998664730134935,0.6831521739130434
369,2.408045977011494,0.6813008130081301
370,2.401537744641193,0.6827738958470665
371,2.395064597081513,0.6842390375386233
372,2.3886262513904337,0.6856963021243114
373,2.3822224276601647,0.68714575295887
374,2.390339756592292,0.6853084648493544
375,2.3839655172413794,0.6867512195121951
376,2.3776251834189286,0.6881862999481059
377,2.38569011250343,0.6863608720967846
378,2.3937123700054737,0.6845451025938831
379,2.387396506232372,0.6859746444430143
380,2.3953720508166967,0.6841694480102695
381,2.3890849850665217,0.6855924716727482
382,2.3970143527712584,0.6837977269825054
383,2.4049023138561267,0.6820123543271985
384,2.398639547413793,0.6834298780487804
385,2.4064823107926556,0.681654735508394
386,2.4002479006610686,0.6830658410211045
387,2.394045709703288,0.6844696539988655
388,2.4018396729470317,0.6827055569524767
389,2.3956652779008953,0.6841030785629192
390,2.403415119363395,0.6823489681050656
391,2.4111253196930944,0.6806038300792214
392,2.41879618226601,0.6788675958188153
393,2.426428007370361,0.677140197356172
394,2.4202695606511466,0.67853410919896
395,2.4141422959406373,0.6799209632602654
396,2.408045977011494,0.6813008130081301
397,2.401980370016503,0.6826737113718744
398,2.395945243458673,0.6840397107488662
399,2.3899403681617835,0.6853988630111865
400,2.397510775862069,0.6836853658536585
401,2.4050434259179636,0.681980414816617
402,2.4125386001029336,0.6802839461230432
403,2.4065521519637203,0.6816389275555287
404,2.4005953397063844,0.6829872011591404
405,2.394667943805875,0.6843288166214995
406,2.402114829284865,0.6826432776643037
407,2.409525120732017,0.6809660214538263
408,2.4168990872210956,0.679296987087518
409,2.4109897984992834,0.6806345041445523
410,2.4051093355761144,0.681965496728138
411,2.4124402214950917,0.6803062132811108
412,2.41973552058922,0.6786549846080985
413,2.426995491358437,0.6770117521998464
414,2.4342203898050974,0.6753764581124072
415,2.441410469464063,0.6737490449603291
416,2.4355416942970822,0.675077392120075
417,2.4297010667328207,0.6763993683102298
418,2.423888384754991,0.6777150192554557
419,2.418103448275862,0.6790243902439024
420,2.4123460591133004,0.6803275261324042
421,2.406616020968138,0.6816244713516018
422,2.400913139401863,0.6829152699109929
423,2.3952372218146247,0.6841999654039094
424,2.3895880774235523,0.6854786010124252
425,2.3839655172413794,0.6867512195121951
426,2.3783693540553665,0.6880178632772243
427,2.372799402406525,0.6892785742845718
428,2.3799145987753785,0.687668110325963
429,2.3743670122980465,0.6889237591676615
430,2.3688452285485164,0.6901735677821894
431,2.363349067925434,0.6914175768207798
432,2.357878352490421,0.6926558265582655
433,2.352432905948873,0.6938883568974258
434,2.359496662958843,0.6922895357985838
435,2.366527942925089,0.6906980656013456
436,2.3611001265422336,0.6919266055045871
437,2.355697151424288,0.6931495227995758
438,2.3503188474256023,0.6943668559973271
439,2.3449650459508287,0.6955786432579587
440,2.339635579937304,0.6967849223946785
441,2.3466162326999767,0.6952049112327857
442,2.3413071462006556,0.696406577640437
443,2.3360220284891415,0.6976028189175796
444,2.330760717614166,0.6987936717205009
445,2.3376985664471137,0.6972233488627021
446,2.3324570898407297,0.6984097123482444
447,2.3393601018282806,0.6968472745130135
448,2.3341383158866997,0.698029181184669
449,2.3410068351125104,0.6964745504916073
450,2.347844827586207,0.6949268292682926
451,2.3546524963682236,0.6933859715537288
452,2.349443088190418,0.6945650766242175
453,2.3562171728705184,0.693031820384429
454,2.3510272672034027,0.6942065112281077
455,2.3458601743084504,0.6953760385955507
456,2.3407157441016335,0.6965404364569961
457,2.3355938278125707,0.6976997384853497
458,2.3423241981629275,0.6961763766109276
459,2.337221095334686,0.6973314203730272
460,2.332140179910045,0.6984814422057264
461,2.338834243398908,0.6969662980794666
462,2.333771831616659,0.6981121317706683
463,2.32873128770388,0.6992530158562924
464,2.3237124702734837,0.7003889823380991
465,2.318715239154616,0.7015200629425649
466,2.3137394553796065,0.7026462891238354
467,2.3087849811710845,0.7037676920666422
468,2.303851679929266,0.7048843026891807
469,2.2989394162193957,0.7059961516459513
470,2.2940480557593546,0.7071032693305656
471,2.2891774654074237,0.7082056858785147
472,2.2843275131502043,0.7093034311699049
473,2.27949806809069,0.7103965348321559
474,2.2746890004364904,0.7114850262426675
475,2.2699001814882034,0.7125689345314505
476,2.265131483627934,0.7136482885837262
477,2.260382780307959,0.714723117042491
478,2.2556539460395326,0.7157934483110521
479,2.25094485638183,0.7168593105555272
480,2.2462553879310345,0.7179207317073171
481,2.2415854183095565,0.7189777394655443
482,2.236934826155387,0.7200303612994636
483,2.232303491111587,0.7210786244508407
484,2.227691293815902,0.7221225559363031
485,2.223098115890508,0.7231621825496605
486,2.218523839931886,0.7241975308641975
487,2.2139683495008144,0.7252286272349376
488,2.209431529112493,0.7262554978008795
489,2.204913264226782,0.7272781684872064
490,2.200413441238564,0.7282966650074664
491,2.195931947468221,0.7293110128657294
492,2.191468671152229,0.730321237358715
493,2.1870235014338673,0.7313273635778953
494,2.182596328354042,0.732329416411573
495,2.178187042842215,0.7333274205469327
496,2.1737955367074524,0.7343214004720692
497,2.169421702629571,0.7353113804779899
498,2.1650654341503945,0.7362973846605936
499,2.160726625665123,0.7372794369226258
500,2.1564051724137934,0.7382575609756097
501,2.1521009704728473,0.7392317803417555
502,2.1478139167468058,0.7402021183558449
503,2.1435439089600328,0.7411685981670949
504,2.1392908456486044,0.7421312427409987
505,2.1350546261522703,0.7430900748611445
506,2.130835150606515,0.7440451171310132
507,2.126632319934707,0.7449963919757541
508,2.1224460358403476,0.7459439216439409
509,2.1182762007994036,0.7468877282093056
510,2.114122718052738,0.7478278335724534
511,2.109985491598623,0.7487642594625554
512,2.1058644261853448,0.7496970274390243
513,2.1017594273038918,0.7506261588931677
514,2.0976704011807326,0.7515516750498245
515,2.093597254770673,0.7524735969689794
516,2.0895398957497995,0.7533919455473623
517,2.085498232508504,0.7543067415200263
518,2.081472174144588,0.7552180054619079
519,2.077461630456448,0.7561257577893697
520,2.0734665119363394,0.757030018761726
521,2.069486729763717,0.7579308084827489
522,2.0655221957986525,0.7588281469021586
523,2.061572822575328,0.7597220538170965
524,2.057638523295604,0.7606125488735803
525,2.05371921182266,0.7614996515679442
526,2.0498148026747085,0.7623833812482611
527,2.045925211018779,0.7632637571157496
528,2.042050352664577,0.764140798226164
529,2.0381901440584054,0.7650145234911705
530,2.0343445022771633,0.7658849516797054
531,2.030513345022404,0.7667521014193192
532,2.0266965906144674,0.7676159911975059
533,2.0228941579866726,0.7684766393630165
534,2.019105966679582,0.7693340641271581
535,2.0153319368353206,0.7701882835650785
536,2.011571989191971,0.7710393156170366
537,2.0078260450780196,0.7718871780896579
538,2.004094026406871,0.7727318886571765
539,2.000375855671422,0.7735734648626634
540,1.9966714559386973,0.7744119241192412
541,1.9929807508445407,0.7752472837112844
542,1.9893036645883702,0.7760795607956079
543,1.9856401219279862,0.7769087724026411
544,1.9819900481744421,0.7777349354375895
545,1.9783533691869661,0.7785580666815842
546,1.9747300113679422,0.7793781827928168
547,1.9711199016579461,0.7801953003076648
548,1.967522967530833,0.7810094356418016
549,1.9639391369888826,0.7818206050912968
550,1.9603683385579938,0.7826288248337029
551,1.9568105012829338,0.7834341109291311
552,1.9532655547226385,0.7842364793213148
553,1.9497334289455635,0.7850359458386627
554,1.946214054525084,0.785832526195298
555,1.9427073625349487,0.7866262359920896
556,1.939213284544778,0.7874170907176697
557,1.9357317526156133,0.7882051057494416
558,1.9322626992955134,0.7889902963545764
559,1.9288060576151995,0.7897726776909987
560,1.925361761083744,0.7905522648083624
561,1.9219297436843077,0.7913290726490152
562,1.9185099398699228,0.792103116048954
563,1.9151022845593189,0.7928744097387687
564,1.9117067131327952,0.793642968344577
565,1.9083231614281353,0.7944088063889487
566,1.9049515657365663,0.7951719382918211
567,1.9015918627987591,0.7959323783714026
568,1.898243989800874,0.7966901408450703
569,1.894907884370644,0.7974452398302541
570,1.8915834845735027,0.7981976893453144
571,1.8882707289087506,0.7989475033104096
572,1.8849695563057633,0.799694695548354
573,1.8816799061202383,0.8004392797854679
574,1.8784017181304817,0.8011812696524176
575,1.8751349325337332,0.8019206786850477
576,1.8718794899425286,0.8026575203252031
577,1.868635331381103,0.8033918079215454
578,1.865402398281828,0.804123554730357
579,1.8621806324816867,0.8048527739163402
580,1.8589699762187872,0.8055794785534062
581,1.8557703721289098,0.8063036816254565
582,1.8525817632420902,0.8070253960271561
583,1.8494040929792395,0.807744634564699
584,1.8462373051487952,0.8084614099565653
585,1.843081343943413,0.8091757348342713
586,1.8399361539366834,0.8098876217431117
587,1.8368016800798919,0.8105970831428927
588,1.8336778676988035,0.811304131408661
589,1.8305646624904865,0.8120087788314215
590,1.8274620105201638,0.8127110376188507
591,1.824369858218099,0.813410919896001
592,1.8212881523765143,0.8141084377059986
593,1.818216840146537,0.814803603010735
594,1.8151558690351792,0.8154964276915496
595,1.812105186902347,0.8161869235499076
596,1.80906474195788,0.8168751023080699
597,1.8060344827586206,0.817560975609756
598,1.8030143582055127,0.818244555020801
599,1.8000043175407288,0.8189258520298057
600,1.7970043103448277,0.8196048780487805
601,1.7940142865339377,0.8202816444137818
602,1.791034196356971,0.820956162385544
603,1.7880639903928632,0.821628443150103
604,1.785103619547842,0.8222984978194152
605,1.7821530350527215,0.8229663374319693
606,1.7792121884602252,0.8236319729533929
607,1.7762810316423336,0.8242954152770523
608,1.7733595167876586,0.824956675224647
609,1.7704475963988449,0.8256157635467979
610,1.7675452232899944,0.8262726909236304
611,1.7646523505841187,0.8269274679653507
612,1.7617689317106153,0.8275801052128169
613,1.7588949204027675,0.8282306131381052
614,1.756030270695271,0.8288790021450703
615,1.7531749369217828,0.8295252825698988
616,1.7503288737124942,0.8301694646816598
617,1.7474920359917285,0.8308115586828477
618,1.7446643789755607,0.8314515747099218
619,1.7418458581694614,0.8320895228338389
620,1.7390364293659621,0.8327254130605822
621,1.7362360486423454,0.8333592553316838
622,1.7334446723583548,0.8339910595247431
623,1.7306622571539272,0.8346208354539404
624,1.7278887599469495,0.8352485928705441
625,1.7251241379310345,0.8358743414634145
626,1.7223683485733172,0.8364980908595029
627,1.719621349612275,0.8371198506243435
628,1.7168830990555677,0.8377396302625446
629,1.714153555177896,0.8383574392182713
630,1.7114326765188834,0.8389732868757258
631,1.7087204218809768,0.8395871825596226
632,1.706016750327368,0.8401991355356591
633,1.7033216211799314,0.8408091550109814
634,1.700634994017187,0.8414172501346463
635,1.6979568286722782,0.8420234299980796
636,1.6952870852309694,0.8426277036355269
637,1.7011313809343367,0.841304897193399
638,1.6984650308074805,0.8419084027830873
639,1.6958070260644327,0.8425100194663918
640,1.6931573275862069,0.8431097560975609
641,1.690515896497929,0.8437076214755908
642,1.6878826941669351,0.8443036243446546
643,1.6852576822008902,0.8448977733945302
644,1.6826408224459197,0.845490077261021
645,1.6800320769847634,0.8460805445263755
646,1.677431408134942,0.8466691837197009
647,1.6748387784469434,0.8472560033173747
648,1.6722541507024264,0.8478410117434506
649,1.6780258753520005,0.8465346311398398
650,1.6754442970822283,0.8471189493433395
651,1.6811933894803752,0.845817691356637
652,1.6786148720118468,0.8464013167739038
653,1.676044251993452,0.8469831546707504
654,1.6734814931983548,0.8475632132468113
655,1.6791984732824428,0.8462692236082665
656,1.676638719512195,0.8468486020226056
657,1.6740867579908674,0.8474262167279206
658,1.6715425531914894,0.8480020757654385
659,1.6690060698027314,0.8485761871275769
660,1.6664772727272725,0.8491485587583147
661,1.6639561270801815,0.8497191985535588
662,1.661442598187311,0.8502881143615062
663,1.6589366515837105,0.850855313983004
664,1.6564382530120483,0.8514208051719071
665,1.6620948924034222,0.8501404731340545
666,1.6595992544268405,0.8507053394858273
667,1.6652341932482033,0.849429919186748
668,1.6627413276894487,0.8499941580254126
669,1.6602559146435751,0.8505567100514054
670,1.6577779207411218,0.8511175828176192
671,1.6553073128115525,0.8516767838319217
672,1.6528440578817736,0.8522343205574912
673,1.650388123174668,0.8527902004131481
674,1.6479394761076436,0.8533444307736845
675,1.6454980842911877,0.8538970189701897
676,1.6430639155274434,0.8544479722903737
677,1.6406369378087913,0.8549972979788882
678,1.6382171193164479,0.8555450032376429
679,1.6358044284190747,0.8560910952261215
680,1.6333988336713996,0.8566355810616929
681,1.6310003038128513,0.8571784678199205
682,1.6286088077662049,0.8577197625348687
683,1.6341571161710506,0.8564639502910403
684,1.6317679975801573,0.8570047068891741
685,1.6293858545179964,0.8575438846359266
686,1.6270106564793403,0.8580814904358955
687,1.6246423731365758,0.8586175311534774
688,1.6222809743384121,0.8591520136131594
689,1.6199264301086032,0.8596849445998088
690,1.6175787106446777,0.8602163308589607
691,1.6152377863166822,0.860746179097102
692,1.6129036276659356,0.8612744959819539
693,1.6105762054037918,0.8618012881427516
694,1.6082554904104143,0.8623265621705208
695,1.605941453733565,0.8628503246183541
696,1.603634066587396,0.863372582001682
697,1.6013333003512589,0.8638933407985443
698,1.599039126568521,0.8644126074498567
699,1.5967515169453899,0.8649303883596775
700,1.5944704433497536,0.8654466898954704
701,1.5921958778100251,0.865961518388365
702,1.5899277925139992,0.8664748801334167
703,1.5876661598077206,0.8669867813898622
704,1.5854109521943573,0.8674972283813747
705,1.5831621423330886,0.8680062272963155
706,1.5809197030379993,0.8685137842879844
707,1.5786836072769839,0.8690199054748681
708,1.5764538281706604,0.8695245969408846
709,1.5742303389912942,0.870027864735629
710,1.572013113161729,0.8705297148746135
711,1.5698021242543285,0.871030153339508
712,1.5675973459899264,0.8715291860783776
713,1.5653987522367847,0.8720268190059178
714,1.5632063170095623,0.8725230580036892
715,1.5610200144682902,0.8730179089203478
716,1.558839818917357,0.8735113775718762
717,1.5566657048045014,0.8740034697418103
718,1.5544976467198155,0.8744941911814661
719,1.552335619394753,0.8749835476101631
720,1.5501795977011492,0.8754715447154471
721,1.5480295566502462,0.8759581881533101
722,1.5458854713917278,0.8764434835484087
723,1.543747317212763,0.876927436494282
724,1.5416150695370547,0.8774100525535642
725,1.5394887039239,0.8778913372582001
726,1.5373681960672556,0.8783712961096553
727,1.5352535217948111,0.8788499345791256
728,1.5331446570670708,0.8793272581077458
729,1.531041577976444,0.8798032721067951
730,1.5289442607463393,0.8802779819579017
731,1.5268526817302703,0.880751393013246
732,1.5247668174109665,0.8812235105957616
733,1.522686644399492,0.8816943399993344
734,1.52061213943437,0.882163886489001
735,1.5259148486980998,0.8809636635141861
736,1.5238415948275863,0.8814329268292682
737,1.5217739671548214,0.8819009167025184
738,1.5197119428090835,0.8823676383105293
739,1.5176554990434419,0.8828330968018746
740,1.5156046132339234,0.8832972972972972
741,1.5135592628786823,0.8837602448898982
742,1.5115194255971742,0.8842219446453223
743,1.5094850791293453,0.8846824016019432
744,1.5074562013348163,0.8851416207710464
745,1.505432770192085,0.8855996071370109
746,1.503414763797726,0.8860563656574904
747,1.5014021603656003,0.8865119012635909
748,1.499394938226074,0.8869662188600496
749,1.497393075825238,0.8874193233254094
750,1.495396551724138,0.887871219512195
751,1.4934053445980073,0.8883219122470851
752,1.4914194332355097,0.8887714063310845
753,1.4894387965379858,0.8892197065396948
754,1.487463413518705,0.8896668176230833
755,1.4854932633021236,0.8901127443062509
756,1.4835283251231528,0.8905574912891985
757,1.4815685783264247,0.891001063247092
758,1.479614002365572,0.8914434648304266
759,1.4776645768025076,0.8918847006651884
760,1.4757202813067152,0.8923247753530166
761,1.4737810956545379,0.8927636934713631
762,1.4718469997284822,0.8932014595736508
763,1.4699179735165182,0.8936380781894319
764,1.467993997111392,0.8940735538245433
765,1.466075050709939,0.8945078909612625
766,1.4641611146124067,0.8949410940584601
767,1.4622521692217776,0.8953731675517537
768,1.4603481950431034,0.8958041158536585
769,1.4584491726828392,0.8962339433537378
770,1.4565550828481861,0.8966626544187519
771,1.4546659063464376,0.8970902533928062
772,1.452781624084331,0.8975167445974978
773,1.4509022170674042,0.8979421323320607
774,1.4490276663993582,0.8983664208735109
775,1.4471579532814238,0.8987896144767898
776,1.4452930590117312,0.8992117173749056
777,1.4434329649846893,0.8996327337790752
778,1.4415776526903645,0.9000526678788638
779,1.4397271037138681,0.9004715238423244
780,1.437881299734748,0.9008893058161351
781,1.4360402225263806,0.9013060179257362
782,1.4342038539553752,0.9017216642754663
783,1.432372175980975,0.9021362489486963
784,1.4305451706544685,0.902549776007964
785,1.428722820118603,0.9029622494951063
786,1.4269051066070018,0.9033736734313906
787,1.4250920124435877,0.9037840518176464
788,1.4232835200420093,0.9041933886343939
789,1.421479611905074,0.9046016878419734
790,1.4265386294194675,0.9034566224143254
791,1.4247351671825275,0.9038648206962474
792,1.4229362591431558,0.9042719881744271
793,1.4211418880723574,0.9046781287485006
794,1.4193520368279335,0.9050832462984579
795,1.4175666883539362,0.9054873446847674
796,1.4157858256801248,0.9058904277484985
797,1.4140094319214294,0.9062924993114423
798,1.4122374902774175,0.9066935631762332
799,1.4104699840317638,0.907093623126469
800,1.4087068965517242,0.9074926829268292
801,1.4069482112876148,0.9078907463231936
802,1.4051939117722934,0.908287817042759
803,1.4034439816206465,0.908683898794156
804,1.4016984045290786,0.9090789952675645
805,1.3999571642750053,0.909473110134828
806,1.3982202447163514,0.9098662470495672
807,1.3964876297910522,0.9102584096472934
808,1.3947593035165586,0.9106496015455203
809,1.393035249989344,0.9110398263438753
810,1.391315453384419,0.9114290876242096
811,1.389599897954845,0.9118173889507082
812,1.3878885680312554,0.9122047338699987
813,1.3861814480213765,0.9125911259112591
814,1.3911346691519104,0.9114700065919576
815,1.3894277554474297,0.9118563519377525
816,1.3877250253549696,0.91224175035868
817,1.38602646351243,0.9126262053318207
818,1.390955652980356,0.9115105253742023
819,1.3892572944297081,0.9118949343339587
820,1.387563078216989,0.9122784057108864
821,1.3858729892057624,0.9126609429309883
822,1.3841870123332496,0.9130425494035962
823,1.3825051326098798,0.9134232285214711
824,1.3808273351188483,0.9138029836609045
825,1.3791536050156739,0.9141818181818182
826,1.3774839275277615,0.9145597354278627
827,1.3758182879539673,0.9149367387265167
828,1.374156671664168,0.9153128313891834
829,1.372499064098831,0.9156880167112889
830,1.3708454507685914,0.9160622979723773
831,1.3691958172538279,0.9164356784362067
832,1.367550149204244,0.9168081613508442
833,1.3659084323384525,0.91717974994876
834,1.3642706524435624,0.9175504474469205
835,1.3626367953747676,0.9179202570468818
836,1.3610068470549412,0.9182891819348814
837,1.3593807934742306,0.9186572252819302
838,1.357758620689655,0.9190243902439024
839,1.3561403148247093,0.9193906799616267
840,1.3545258620689655,0.9197560975609755
841,1.3529152486776825,0.9201206461529537
842,1.3513084609714145,0.9204843288337871
843,1.349705485335624,0.9208471486850099
844,1.3481063082202973,0.9212091087735522
845,1.3465109161395632,0.9215702121518256
846,1.3449192956713132,0.92193046185781
847,1.3433314334568254,0.9222898609151381
848,1.3417473162003903,0.92264841233318
849,1.3401669306689412,0.9230061191071274
850,1.3385902636916835,0.9233629842180774
851,1.337017302159731,0.9237190106331145
852,1.3354480330257406,0.9240742013053933
853,1.3338824433035532,0.9244285591742201
854,1.332320520067835,0.9247820871651338
855,1.3307622504537204,0.9251347881899871
856,1.3292076216564614,0.9254866651470252
857,1.3276566209310747,0.9258377209209664
858,1.3261092355919943,0.9261879583830802
859,1.3245654530127253,0.926537380391266
860,1.323025260625501,0.9268859897901304
861,1.3214886459209418,0.9272337894110648
862,1.3199555964477159,0.9275807820723219
863,1.3184260998122028,0.9279269705790916
864,1.3169001436781609,0.9282723577235772
865,1.3153777157663942,0.9286169462850697
866,1.3138588038544239,0.928960739030023
867,1.3123433957761603,0.9293037387121275
868,1.3108314794215796,0.9296459480723839
869,1.3093230427363993,0.9299873698391758
870,1.30781807372176,0.930328006728343
871,1.3063165604339049,0.9306678614432528
872,1.3048184909838658,0.9310069366748712
873,1.303323853537149,0.9313452351018354
874,1.3018326363134223,0.9316827593905229
875,1.3003448275862068,0.9320195121951219
876,1.2988604156825696,0.9323554961577013
877,1.2973793889828176,0.9326907139082793
878,1.2959017359201948,0.9330251680648924
879,1.2944274449805815,0.9333588612336635
880,1.2929565047021945,0.9336917960088691
881,1.2914889036752906,0.9340239749730073
882,1.2900246305418719,0.934355400696864
883,1.2885636739953918,0.9346860757395795
884,1.287106022780465,0.9350160026487142
885,1.2856516656925774,0.9353451839603141
886,1.2842005915778003,0.9356736221989759
887,1.2827527893325041,0.9360013198779112
888,1.2813082479030755,0.9363282794990111
889,1.2798669562856366,0.9366545035529095
890,1.2784289035257652,0.9369799945190462
891,1.2769940787182168,0.9373047548657304
892,1.275562471006649,0.9376287870502023
893,1.2741340695833494,0.9379520935186955
894,1.2727088636889607,0.9382746767064986
895,1.2712868426122135,0.9385965390380161
896,1.2698679956896552,0.9389176829268292
897,1.268452312305386,0.9392381107757566
898,1.267039781890792,0.9395578249769134
899,1.2656303939242837,0.9398768279117717
900,1.2642241379310344,0.9401951219512195
901,1.2628210034827203,0.9405127094556184
902,1.261420980197263,0.9408295927748634
903,1.2600240577385726,0.9411457742484401
904,1.2586302258162954,0.9414612562054824
905,1.257239474185559,0.9417760409648295
906,1.255851792646723,0.9420901308350832
907,1.2544671710451278,0.9424035281146637
908,1.2530855992708492,0.9427162350918662
909,1.2517070672584498,0.9430282540449166
910,1.2503315649867375,0.9433395872420263
911,1.2549065066807978,0.942304088243956
912,1.2535305127041743,0.9426155327342746
913,1.2521575329531291,0.9429262949803648
914,1.2567154606504187,0.9418946469552222
915,1.2553420011305823,0.9422055177928829
916,1.2539715404306582,0.942515709873256
917,1.258512578498101,0.9414878846716492
918,1.2571416497633536,0.9417981826877092
919,1.255773704551424,0.9421078054088484
920,1.2544087331334333,0.9424167550371154
921,1.2589295743007973,0.9413935012314292
922,1.257564140923031,0.9417025554203481
923,1.2562016662308066,0.9420109399360516
924,1.2548421406180028,0.9423186569528033
925,1.2534855545200372,0.9426257086354647
926,1.252131898413644,0.9429320971395458
927,1.2507811628166499,0.9432378246112558
928,1.2494333382877527,0.9435428931875525
929,1.248088415426302,0.9438473049961932
930,1.2467463848720801,0.9441510621557828
931,1.2454072373050853,0.9444541667758245
932,1.244070963445316,0.9447566209567675
933,1.2427375540525558,0.9450584267900556
934,1.2414069999261612,0.9453595863581762
935,1.2400792919048498,0.9456601017347072
936,1.2387544208664898,0.9459599749843652
937,1.2374323777278917,0.9462592081630528
938,1.2361131534445997,0.9465578033179052
939,1.2347967390106864,0.9468557624873373
940,1.2334831254585472,0.9471530877010896
941,1.2321723038586976,0.9474497809802751
942,1.2308642653195696,0.9477458443374243
943,1.2295590009873112,0.9480412797765304
944,1.2282565020455873,0.9483360892930963
945,1.2269567597153805,0.9486302748741773
946,1.2256597652547934,0.9489238384984272
947,1.2243655099588537,0.9492167821361422
948,1.2287892841553907,0.9482154986106823
949,1.227494458776934,0.9485085712817085
950,1.2262023593466425,0.9488010269576379
951,1.2249129772653107,0.9490928675848271
952,1.2236263039698638,0.9493840951014552
953,1.2223423309331691,0.9496747114375655
954,1.2210610496638472,0.9499647185151097
955,1.219782451706084,0.9502541182479888
956,1.2185065286394459,0.950542912542096
957,1.217233272078694,0.9508311032953589
958,1.2159626736736016,0.9511186923977799
959,1.2146947251087699,0.9514056817314784
960,1.2134294181034484,0.9516920731707316
961,1.212166744411353,0.9519778685820156
962,1.210906695820489,0.9522630698240453
963,1.2096492641529704,0.9525476787478155
964,1.2083944412648449,0.95283169719664
965,1.2071422190459173,0.9531151270061923
966,1.205892589419576,0.9533979700045447
967,1.2046455443426167,0.9536802280122078
968,1.2034010758050726,0.9539619028421689
969,1.2021591758300416,0.954242996299932
970,1.2009198364735159,0.9545235101835554
971,1.1996830498242126,0.9548034462836904
972,1.1984488080034057,0.9550828063836193
973,1.1972171031647587,0.9553615922592935
974,1.1959879274941585,0.9556398056793709
975,1.194761273209549,0.9559174484052533
976,1.1935371325607689,0.9561945221911234
977,1.1978611513076625,0.9552158174601193
978,1.196636344404485,0.9554930420469849
979,1.1954140396604558,0.955769700291487
980,1.1941942294159043,0.956045793927327
981,1.1929769060423916,0.9563213246811366
982,1.1917620619425522,0.9565962942725149
983,1.190549689549935,0.9568707044140634
984,1.1893397813288478,0.9571445568114217
985,1.1881323297741992,0.9574178531633032
986,1.186927327411345,0.9576905951615295
987,1.1857247667959334,0.9579627844910666
988,1.1845246405137513,0.9582344228300582
989,1.1833269411805725,0.9585055118498605
990,1.182131661442006,0.9587760532150776
991,1.1809387939733464,0.9590460485835938
992,1.1797483314794215,0.9593154996066089
993,1.1785602666944472,0.9595844079286714
994,1.1773745923818775,0.9598527751877116
995,1.1761913013342575,0.9601206030150754
996,1.1750103863730785,0.9603878930355567
997,1.173831840348632,0.9606546468674315
998,1.172655656139866,0.9609208661224888
999,1.1714818266542406,0.9611865524060645
1000,1.1703103448275862,0.9614517073170732
1001,1.1691412036239621,0.9617163324480397
1002,1.1733816849060499,0.9607565357090697
1003,1.17221181283735,0.9610213262651071
1004,1.1710442711910978,0.9612855893499173
1005,1.169879053010808,0.9615493265380415
1006,1.168716151367656,0.9618125393977597
1007,1.1675555593603397,0.962075229491123
1008,1.1663972701149425,0.9623373983739837
1009,1.1706110522538533,0.9613836447581522
1010,1.1694520314100376,0.9616459792320695
1011,1.1682953033868821,0.9619077947456032
1012,1.172494718549816,0.9609572929721392
1013,1.171337270653913,0.9612192714227241
1014,1.1701821056927157,0.9614807331505267
1015,1.1690292169186343,0.9617416796828067
1016,1.1678785976106436,0.9620021125408105
1017,1.1667302410741531,0.9622620332398013
1018,1.165584140640878,0.962521443289089
1019,1.1644402896687083,0.9627803441920582
1020,1.163298681541582,0.963038737446198
1021,1.1621593096693572,0.9632966245431308
1022,1.1610221674876846,0.963554006968641
1023,1.1598872484578826,0.9638108862027036
1024,1.1587545460668103,0.9640672637195121
1025,1.157624053826745,0.9643231409875074
1026,1.156495765275257,0.9645785194694052
1027,1.1553696739750865,0.9648334006222243
1028,1.1542457735140212,0.9650877858973141
1029,1.1531240575047752,0.9653416767403825
1030,1.1520045195848678,0.9655950745915226
1031,1.1508871534165022,0.9658479808852404
1032,1.1497719526864474,0.966100397050482
1033,1.1486589111059184,0.9663523245106603
1034,1.1475480224104582,0.9666037646836816
1035,1.14643928035982,0.9668547189819724
1036,1.145332678737851,0.9671051888125058
1037,1.1442282113523758,0.9673551755768279
1038,1.1431258720350808,0.9676046806710841
1039,1.1420256546413992,0.9678537054860442
1040,1.140927553050398,0.9681022514071294
1041,1.1398315611646626,0.9683503198144372
1042,1.138737672910186,0.9685979120827677
1043,1.137645882236255,0.9688450295816476
1044,1.1365561831153388,0.9690916736753574
1045,1.1406533575317603,0.9681643132220795
1046,1.1395628667501814,0.9684111365014223
1047,1.138474459045549,0.9686574882940806
1048,1.1373881284548564,0.96890336994973
1049,1.1363038690378358,0.9691487828128995
1050,1.1352216748768473,0.9693937282229964
1051,1.1341415400767743,0.96963820751433
1052,1.1330634587649142,0.9698822220161364
1053,1.1319874250908732,0.9701257730526023
1054,1.1360539488320356,0.9692053501180172
1055,1.1349771204445172,0.9694490810310945
1056,1.1339023315047023,0.9696923503325943
1057,1.132829576224187,0.9699351593326717
1058,1.1317588488364514,0.97017750933653
1059,1.1358063885904073,0.9692613832653906
1060,1.134734873129473,0.96950391164289
1061,1.1336653774903311,0.9697459828509688
1062,1.1325978959672705,0.9699875981810665
1063,1.1315324228760504,0.9702287589197622
1064,1.1304689525537983,0.9704694663487987
1065,1.1294074793589122,0.9707097217451046
1066,1.128347997670958,0.9709495263808172
1067,1.127290501890573,0.9711888815233044
1068,1.1262349864393646,0.9714277884351877
1069,1.1251814457598142,0.9716662483743639
1070,1.1241298743151789,0.9719042625940277
1071,1.1230802665893944,0.972141832342693
1072,1.1220326170869788,0.9723789588642154
1073,1.120986920332937,0.9726156433978133
1074,1.1199431708726642,0.9728518871780897
1075,1.1189013632718525,0.9730876914350538
1076,1.1228969042430457,0.9721833348445008
1077,1.1218542887330707,0.9724193219648073
1078,1.1258396775638155,0.9715172632245803
1079,1.124796267297306,0.9717534302312438
1080,1.1237547892720305,0.9719891598915988
1081,1.122715238125618,0.9722244534193722
1082,1.1216776085155205,0.9724593120238042
1083,1.1206418951189225,0.9726937369096682
1084,1.1196080926326504,0.9729277292772928
1085,1.123569839504211,0.9720310216927054
1086,1.1225352448085348,0.9722651933701657
1087,1.1215025536909558,0.9724989341889738
1088,1.1254516353955375,0.9716050932568148
1089,1.1244181628194168,0.9718390109520929
1090,1.1233865865232522,0.9720724994405907
1091,1.1273230822718796,0.9711815072321208
1092,1.126290735126942,0.9714151701956579
1093,1.125260276997823,0.9716484055965903
1094,1.1242317027044064,0.9718812146073927
1095,1.1232050070854984,0.9721135983962579
1096,1.1221801849987416,0.9723455581271141
1097,1.1211572313205294,0.972577094959646
1098,1.1201361409459205,0.9728082100493135
1099,1.119116908788554,0.9730389045473711
1100,1.1180995297805643,0.9732691796008868
1101,1.1170839988724983,0.9734990363527612
1102,1.116070311033231,0.9737284759417466
1103,1.1150584612498826,0.9739574995024655
1104,1.114048444527736,0.9741861081654295
1105,1.1130402558901544,0.9744143030570576
1106,1.1120338903784996,0.9746420852996955
1107,1.1110293430520513,0.9748694560116332
1108,1.1100266089879247,0.9750964163071233
1109,1.1090256832809926,0.9753229672963997
1110,1.1080265610438025,0.9755491100856953
1111,1.1070292374064994,0.9757748457772607
1112,1.1060337075167452,0.9760001754693806
1113,1.1050399665396413,0.9762251002563933
1114,1.1040480096576488,0.9764496212287077
1115,1.1030578320705118,0.9766737394728207
1116,1.1020694289951798,0.9768974560713348
1117,1.1010827956657303,0.9771207721029761
1118,1.1000979273332923,0.9773436886426108
1119,1.09911481926597,0.9775662067612633
1120,1.0981334667487685,0.9777883275261324
1121,1.0971538650835153,0.9780100520006092
1122,1.0961760095887885,0.9782313812442938
1123,1.0951998955998403,0.9784523163130118
1124,1.0942255184685237,0.9786728582588317
1125,1.0932528735632183,0.9788930081300813
1126,1.0922819562687573,0.9791127669713642
1127,1.0913127619863536,0.9793321358235765
1128,1.090345286133529,0.9795511157239231
1129,1.0893795241440396,0.9797697077059344
1130,1.0884154714678058,0.9799879127994818
1131,1.0874531235708405,0.9802057320307951
1132,1.0864924759351773,0.980423166422477
1133,1.0855335240588002,0.9806402169935203
1134,1.0845762634555738,0.9808568847593236
1135,1.0836206896551726,0.9810731707317073
1136,1.0826667982030111,0.9812890759189281
1137,1.0817145846601766,0.9815046013256965
1138,1.0807640446033573,0.9817197479531913
1139,1.0798151736247767,0.981934516799075
1140,1.0788679673321235,0.9821489088575096
1141,1.0779224213484844,0.9823629251191722
1142,1.0769785313122773,0.9825765665712698
1143,1.0760362928771834,0.9827898341975545
1144,1.075095701712081,0.9830027289783386
1145,1.0741567535009788,0.9832152518905101
1146,1.0732194439429499,0.9834274039075469
1147,1.072283768752067,0.983639185999532
1148,1.071349723657335,0.983850599133169
1149,1.070417304402629,0.9840616442717951
1150,1.0694865067466266,0.9842723223753976
1151,1.068557326462746,0.9844826344006271
1152,1.0676297593390804,0.9846925813008128
1153,1.0667038011783354,0.9849021640259767
1154,1.065779447797765,0.9851113835228473
1155,1.0695476936856247,0.984258473234083
1156,1.0686224794177306,0.9844678875854501
1157,1.0676988644830567,0.9846769399413959
1158,1.0667768447382526,0.9848856312397319
1159,1.0658564160542678,0.9850939624150339
1160,1.06493757431629,0.9853019343986543
1161,1.0640203154236836,0.9855095481187369
1162,1.0631046352899283,0.9857168045002308
1163,1.0621905298425594,0.9859237044649035
1164,1.061277995023107,0.9861302489313553
1165,1.0603670267870358,0.9863364388150319
1166,1.0594576211036848,0.9865422750282391
1167,1.0585497739562095,0.9867477584801554
1168,1.057643481341521,0.986952890076846
1169,1.0567387392702279,0.9871576707212752
1170,1.0558355437665783,0.9873621013133208
1171,1.0549338908684003,0.9875661827497865
1172,1.054033776627045,0.9877699159244151
1173,1.0531351971073286,0.9879733017279021
1174,1.0522381483874759,0.9881763410479079
1175,1.0513426265590609,0.9883790347690711
1176,1.050448627726953,0.9885813837730213
1177,1.049556148009258,0.9887833889383922
1178,1.0486651835372636,0.9889850511408339
1179,1.047775730455383,0.9891863712530256
1180,1.046887784921099,0.9893873501446879
1181,1.0460013431049082,0.9895879886825963
1182,1.0451164011902678,0.9897882877305929
1183,1.044232955373539,0.9899882481495988
1184,1.043351001863933,0.9901878707976268
1185,1.042470536883457,0.990387156529793
1186,1.0415915566668603,0.9905861061983301
1187,1.040714057461581,0.9907847206525983
1188,1.0398380355276906,0.9909830007390982
1189,1.0389634871378441,0.991180947301483
1190,1.0426434366850188,0.9903480221356835
1191,1.0417680013897335,0.9905461694415433
1192,1.0408940349456144,0.9907439842854804
1193,1.0400215336589878,0.9909414675035266
1194,1.039150493848553,0.9911386199289128
1195,1.0382809118453324,0.9913354423920807
1196,1.037412783992619,0.9915319357206949
1197,1.0365461066459252,0.9917281007396539
1198,1.035680876172932,0.9919239382711021
1199,1.0348170889534383,0.9921194491344413
1200,1.0339547413793102,0.9923146341463415
1201,1.0330938298544317,0.992509494120753
1202,1.0322343507946525,0.9927040298689175
1203,1.031376300627741,0.9928982421993795
1204,1.0305196757933326,0.9930921319179968
1205,1.0296644727428816,0.9932856998279526
1206,1.0288106879396122,0.9934789467297658
1207,1.0279583178584693,0.9936718734213025
1208,1.0271073589860698,0.993864480697787
1209,1.0262578078206555,0.9940567693518125
1210,1.0254096608720433,0.9942487401733522
1211,1.0245629146615791,0.9944403939497692
1212,1.0237175657220896,0.9946317314658295
1213,1.0228736105978338,0.9948227535037097
1214,1.0220310458444584,0.9950134608430103
1215,1.0211898680289484,0.9952038542607649
1216,1.0203500737295825,0.9953939345314505
1217,1.0195116595358853,0.9955837024269995
1218,1.0186746220485816,0.9957731587168087
1219,1.0178389578795508,0.9959623041677503
1220,1.0170046636517807,0.9961511395441822
1221,1.016171735999322,0.9963396656079582
1222,1.015340171567244,0.9965278831184383
1223,1.0145099670115882,0.996715792832499
1224,1.0136811189993238,0.9969033955045432
1225,1.012853624208304,0.9970906918865106
1226,1.0120274793272206,0.9972776827278875
1227,1.015618413287244,0.9964649054803506
1228,1.0147913624620915,0.9966521013744339
1229,1.01396565752925,0.9968389926372819
1230,1.0131412952060554,0.9970255800118976
1231,1.0123182722205104,0.9972118642388699
1232,1.0114965853112405,0.9973978460563826
1233,1.010676231227452,0.9975835262002255
1234,1.0098572067288885,0.9977689054038028
1235,1.0090395085857882,0.9979539843981435
1236,1.0082231335788416,0.9981387639119109
1237,1.00740807849915,0.9983232446714119
1238,1.01097083727926,0.9975168446353283
1239,1.010154880187025,0.9977015295576684
1240,1.0093402391546162,0.9978859166011015
1241,1.0085269110005834,0.9980700064857215
1242,1.0077148925537232,0.9982537999293035
1243,1.0069041806530363,0.9984372976473127
1244,1.0060947721476883,0.9986205003529135
1245,1.0052866638969673,0.9988034087569791
1246,1.004479852770244,0.9989860235681007
1247,1.003674335646932,0.9991683454925968
1248,1.0028701094164456,0.9993503752345215
1249,1.002067170978162,0.9995321134956746
1250,1.0012655172413794,0.9997135609756097
1251,1.0047961630695443,0.998914429432064
1252,1.0039936102236422,0.9990960804176732
1253,1.0031923383878691,0.9992774414575749
1254,1.0023923444976077,0.9994585132454195
1255,1.001593625498008,0.9996392964726459
1256,1.000796178343949,0.9998197918284916
1257,1.0,1.0
