Position,NDCG
1,0.43702503480225463
2,0.4498262527782487
3,0.4310260994093187
4,0.3953926360379409
5,0.3938185286732839
6,0.3821175690942844
7,0.3779480985399339
8,0.3737391998022882
9,0.379589555893679
10,0.38063022706776745
11,0.3887762864609827
12,0.3979968533146519
13,0.3999669118919203
14,0.40238597476196836
15,0.3969524503592186
16,0.3947176497310746
17,0.3846737147149319
18,0.3892809426092943
19,0.3956692384981
20,0.395309221147882
21,0.4076406195068817
22,0.404869038849653
23,0.4144146298442216
24,0.41217486469449927
25,0.4186164350618604
26,0.4153695984302824
27,0.41761761656452007
28,0.41190399013688345
29,0.4145257596946864
30,0.4081834080844594
31,0.4124318186491922
32,0.4152843262317882
33,0.4094233876606371
34,0.4124902213103243
35,0.4149378229125837
36,0.4172974809026656
37,0.41907968820009306
38,0.41709993127473277
39,0.4175022635095845
40,0.4191942279803664
41,0.41535907296631824
42,0.4155239792617983
43,0.4123260944281667
44,0.40961422614910337
45,0.4148517703353344
46,0.41324087711067853
47,0.4187112509965137
48,0.41707578204439055
49,0.41932431849914203
50,0.4228571071598487
51,0.422082596039283
52,0.4248959961538107
53,0.42393027828490537
54,0.42708765478766014
55,0.4266838702090225
56,0.4269935267036759
57,0.4263417634439805
58,0.4284794523442308
59,0.4270821224121385
60,0.4289211496527704
61,0.4298427765564258
62,0.4282889011463652
63,0.428812891250003
64,0.4272286364248064
65,0.4258306455297305
66,0.4232383862693966
67,0.4227998363328628
68,0.42022764723367956
69,0.4189182929884092
70,0.42226223442481603
71,0.419706510005842
72,0.42233159881512544
73,0.4201255600150044
74,0.4206758726850827
75,0.4184759287109632
76,0.4204226755370918
77,0.4218897065895212
78,0.4240272839961676
79,0.42575368880475384
80,0.4241105110557714
81,0.4265858499807388
82,0.4268531181533969
83,0.4278062410502016
84,0.4283942139408185
85,0.42844718773011276
86,0.4285179870360829
87,0.4298266444079169
88,0.4299401130632982
89,0.43147456625382363
90,0.43287267400953067
91,0.4323511835505773
92,0.4321662842874764
93,0.4315117957695588
94,0.4307213737023141
95,0.430579931500198
96,0.42948872624293466
97,0.4290475537907533
98,0.4282551753806437
99,0.4266002574380403
100,0.4259629673169979
101,0.4272903971136254
102,0.42673220640215453
103,0.42876948573461526
104,0.4280848110557497
105,0.42896730756265666
106,0.42795997655260704
107,0.4289739518078319
108,0.4299800267357378
109,0.4292562132676892
110,0.4308882222924531
111,0.4295988132551608
112,0.4311859730690707
113,0.42947039501011763
114,0.4306919251881358
115,0.4294455988865177
116,0.4297281608806383
117,0.4283521167372061
118,0.4291841098771304
119,0.4303803530332392
120,0.4287838462563144
121,0.42930618058234493
122,0.4276452899661205
123,0.4285241192515061
124,0.4266717830830335
125,0.427044560111938
126,0.427788551734556
127,0.4274158045803992
128,0.4273600214369121
129,0.42785367495518545
130,0.42848842180589736
131,0.4285487559912277
132,0.42867151417383936
133,0.42847902938285654
134,0.42846961864926636
135,0.428534571836933
136,0.4282484737554606
137,0.42808791502004373
138,0.4280990218475315
139,0.42763434344243134
140,0.427898870426049
141,0.4269779856263282
142,0.4266758315086031
143,0.4259550346420193
144,0.4259474704903551
145,0.4254769632258156
146,0.42559267280761864
147,0.4244956424230926
148,0.4235699882618288
149,0.42327540001277697
150,0.4222663487699373
151,0.4219483395252911
152,0.42056491850624556
153,0.4205947824578569
154,0.4190650495802795
155,0.4188733001553747
156,0.4176835873990895
157,0.4160014726808501
158,0.4159396427501513
159,0.4186315826426661
160,0.4186638885058961
161,0.42065386296201057
162,0.4201808333883136
163,0.4215834956509836
164,0.4212922095449291
165,0.4220707647295276
166,0.4217754854162211
167,0.4220461349742329
168,0.4225662535874132
169,0.4223238599949618
170,0.4222883651145941
171,0.42192581934262846
172,0.42266700635848464
173,0.42260607793330174
174,0.42266775007189156
175,0.42195213163660295
176,0.4226243094066743
177,0.4227137433056134
178,0.4223197841173255
179,0.42315572384566097
180,0.42268838746590764
181,0.4226957453717081
182,0.4220385785030116
183,0.4220624780870389
184,0.42135899738042576
185,0.42123793881241073
186,0.42136556228896815
187,0.4209537272668105
188,0.4201279784629085
189,0.41982901174327497
190,0.4189978654565542
191,0.4183126988904992
192,0.41769585755860306
193,0.41713755375635664
194,0.4165400306897829
195,0.4162459437527396
196,0.41582343110551834
197,0.4148441003731779
198,0.4139725700299947
199,0.413125649161283
200,0.4123715468337491
201,0.4138767434849079
202,0.4131820201908475
203,0.4142472742178963
204,0.4135786002816972
205,0.41393663942238745
206,0.4149694518987196
207,0.4141620960201357
208,0.41500860402301304
209,0.4140151890398765
210,0.41498779705542244
211,0.4141255010280919
212,0.4150058031343157
213,0.4155157320392265
214,0.41578043813370036
215,0.4154747390886723
216,0.41607201421797857
217,0.41591078171122603
218,0.4162880721428707
219,0.4172397346258799
220,0.4176405752427293
221,0.4179252382473976
222,0.4182543311864396
223,0.4189947189443025
224,0.4194098661780491
225,0.42002513697994576
226,0.42010112902702373
227,0.42048461222795097
228,0.42070237838799274
229,0.42094116276156635
230,0.42127209920288256
231,0.42157067371596496
232,0.421263432761266
233,0.42127016151826097
234,0.4214875231717545
235,0.42184688781786583
236,0.4220826642823427
237,0.4224555329574473
238,0.4221163810596222
239,0.4221782170977134
240,0.4224272948096465
241,0.422872348205665
242,0.4229454151524479
243,0.4227290194829944
244,0.42300452151975365
245,0.4229772193094606
246,0.4228231568057196
247,0.4225788192691802
248,0.42218217564658095
249,0.4224227635063813
250,0.422161564881437
251,0.4223104449560829
252,0.42228595380365797
253,0.4224883034026565
254,0.42158406902165096
255,0.4211358786517946
256,0.42061254893541744
257,0.41988963946589325
258,0.4197919150314868
259,0.4189691726704032
260,0.4188514247295497
261,0.41821747450865143
262,0.4182722512111468
263,0.4174723287513161
264,0.418562204517446
265,0.418776509462156
266,0.4195169131739188
267,0.4194755947347124
268,0.4203486550242205
269,0.4203020211735701
270,0.4210735459189047
271,0.4210766993979639
272,0.4212402386303472
273,0.42178320279336934
274,0.42180345850332934
275,0.4224681391213839
276,0.4223218142520957
277,0.4226651871566497
278,0.42267959603038063
279,0.423301565695437
280,0.42315180986361456
281,0.4238336539676951
282,0.4236586471165925
283,0.4240255288520266
284,0.4246027366210939
285,0.42431073697113747
286,0.4245712643947631
287,0.4242721181438272
288,0.42457056046664227
289,0.42454606296178954
290,0.4251227070697515
291,0.424916293815499
292,0.42530820451051465
293,0.42547051672581243
294,0.424734506698181
295,0.42512015902477207
296,0.42480743674182814
297,0.4252997077873283
298,0.4249119700054026
299,0.4251807950963899
300,0.42467002441228646
301,0.42413300136980514
302,0.4238402855472644
303,0.424137459697416
304,0.4243491863018001
305,0.4240989593054513
306,0.4244214414983015
307,0.42407812372428816
308,0.42424460335059544
309,0.4239265807152687
310,0.42397331445082076
311,0.4235080473432954
312,0.4235527133926088
313,0.42342289900304025
314,0.42317331614774706
315,0.42333572296617783
316,0.42290960079263923
317,0.4229439506860174
318,0.42239118972851264
319,0.4222692520357253
320,0.421666337826825
321,0.4215413727199559
322,0.4214882105266553
323,0.4209688382669305
324,0.4207541464519844
325,0.420025277032597
326,0.4197680925264387
327,0.4191671072973972
328,0.41892955895345896
329,0.41841978809045816
330,0.4178191044596079
331,0.41706959389133474
332,0.416488765578785
333,0.41599575296282965
334,0.4154048405043042
335,0.4149012995984032
336,0.4144029630289511
337,0.4136896396486572
338,0.4130583498487204
339,0.41408515691458414
340,0.41351365392878725
341,0.4140905936296525
342,0.4143415565932266
343,0.41380255271830524
344,0.4144923738695027
345,0.4138021845302616
346,0.4143526988045975
347,0.41357990415889123
348,0.414310317468107
349,0.41359758738068797
350,0.41414766186516766
351,0.4145613778300616
352,0.4138387489612462
353,0.41426096056201367
354,0.4134778081302149
355,0.41376382795825173
356,0.41432716378942824
357,0.4148034006416853
358,0.41529467270994436
359,0.4157070571351301
360,0.4160928457109255
361,0.416523452707272
362,0.4169960983977298
363,0.41727106232493705
364,0.417659245647281
365,0.417892486536235
366,0.4182531021480864
367,0.41824694008191426
368,0.41830833044111904
369,0.41856667433102157
370,0.41901575164477045
371,0.4194723138789397
372,0.41954006399228855
373,0.41985035783873653
374,0.4200428491931736
375,0.42040975585760576
376,0.4205126897283421
377,0.42046901648279694
378,0.4205971750406755
379,0.4207857267045803
380,0.421221399764507
381,0.4211883793134219
382,0.421527958442893
383,0.42175454811378865
384,0.4218202920290647
385,0.4218880517418498
386,0.4218679195790792
387,0.4220019321443126
388,0.422178928780215
389,0.4222201398964983
390,0.4221835610140475
391,0.4224203889401979
392,0.4224994367998501
393,0.4223923197306821
394,0.4223919214524109
395,0.4225674302152379
396,0.4225846869885806
397,0.42279713422870235
398,0.42272877270056763
399,0.4228974871976594
400,0.4229674193858887
401,0.4227902731712976
402,0.4226759921472099
403,0.422677264957538
404,0.4223496044930427
405,0.4222083450776094
406,0.42205670109767646
407,0.4220788811199432
408,0.4217532255311263
409,0.42132857600244644
410,0.4214085917952503
411,0.4210734338827725
412,0.42102788441857963
413,0.4207576830004142
414,0.4206266590397922
415,0.4202034996766998
416,0.4201728854809475
417,0.4197439331620719
418,0.4197827163708762
419,0.419138910480551
420,0.4185126529835251
421,0.41849826739599666
422,0.4190639710974747
423,0.4191437347592003
424,0.4197088992055475
425,0.41967349994956604
426,0.42007700836129763
427,0.42009136305312805
428,0.42047977740794484
429,0.42096643147003066
430,0.4208417349351736
431,0.4211784656792335
432,0.42106014686118864
433,0.4213867378913415
434,0.42133043866858555
435,0.4214945835711682
436,0.4213746720933168
437,0.4218064689889909
438,0.4214820427833043
439,0.4218240467966159
440,0.4219733252552624
441,0.42192495602398117
442,0.42234303084903874
443,0.4222456650273075
444,0.42257055166085344
445,0.4224429861682017
446,0.42264554638431334
447,0.4225905948554633
448,0.4228560833419549
449,0.42311056000470587
450,0.42299535470581306
451,0.42308742605831384
452,0.4228754991670082
453,0.4231238480396867
454,0.42285543142570214
455,0.4230357244195103
456,0.422758737051366
457,0.422822572007555
458,0.4229861208331003
459,0.4228850093384963
460,0.4228408824910046
461,0.4226177235535082
462,0.4227472320141084
463,0.4225154485428206
464,0.42255361555710175
465,0.4222245799366876
466,0.4221512612682137
467,0.42179922984031376
468,0.4218747747879353
469,0.42188488755207587
470,0.42156985949479625
471,0.42151364337849584
472,0.4210595568425582
473,0.420901770611681
474,0.42062884329479233
475,0.4205670652439415
476,0.4202409868601952
477,0.4199632394307532
478,0.4198125934266545
479,0.41952726175688715
480,0.41914548901198
481,0.4188081248447513
482,0.4186810951845428
483,0.4182768691560462
484,0.41788153465952116
485,0.4175841373426061
486,0.4173248546433192
487,0.4171404540725662
488,0.4167666446594283
489,0.41641442389589145
490,0.4159623556869921
491,0.41567700208730807
492,0.41535786777463934
493,0.4149027963252502
494,0.4144748637950599
495,0.4140229487503134
496,0.41367255466668296
497,0.41460442980502854
498,0.41532840154996825
499,0.41483702662500105
500,0.414882908947752
501,0.41438510262166994
502,0.4146704381598478
503,0.41414616005989113
504,0.4142858378518531
505,0.4146447380070154
506,0.4151038474895425
507,0.4154245355706353
508,0.4157228100764228
509,0.4159136921862124
510,0.4161127701786517
511,0.416274078004245
512,0.416473622671569
513,0.4167516769531675
514,0.41694272220843687
515,0.41697357837187055
516,0.4171635790710767
517,0.41720795774870495
518,0.4171963932226645
519,0.4173275774217425
520,0.41737667443474835
521,0.4174464153235026
522,0.4176405445589154
523,0.4177631909965222
524,0.4179578611963756
525,0.41797801942677504
526,0.4181596336695699
527,0.4183732363709007
528,0.4184508749844037
529,0.41855389353554634
530,0.4187538144980249
531,0.4187895974128056
532,0.41875896745066454
533,0.4189049103313483
534,0.418984317211286
535,0.4192680539489575
536,0.419301070744576
537,0.419231206038363
538,0.41940543521379225
539,0.419515303211137
540,0.41940024351773336
541,0.41936920330053
542,0.4195921075934976
543,0.4195458919433623
544,0.41980104229940435
545,0.4197513613205621
546,0.41973003168296585
547,0.4197468465735019
548,0.41974873429645443
549,0.41980010875040696
550,0.41982661660313825
551,0.41978234600190484
552,0.4197398566441768
553,0.4196647335008139
554,0.41973377829859004
555,0.4196197349604862
556,0.4195190896473169
557,0.41944316779837554
558,0.4194064695978921
559,0.41943637374653153
560,0.4194159989174436
561,0.4193472031440934
562,0.4190059552631517
563,0.4189170321800434
564,0.418688492036301
565,0.41841571159290447
566,0.41844665495250644
567,0.4181927283331837
568,0.41820151959487906
569,0.41795038005458884
570,0.4179196840840107
571,0.4176030291875635
572,0.41764272600958546
573,0.41742571003904694
574,0.41746552084379224
575,0.4171231768858158
576,0.4169205635288852
577,0.4168161172902639
578,0.4164622223908544
579,0.41634934020443126
580,0.4160191679160298
581,0.41601355494537967
582,0.4156053342249062
583,0.4155317521925116
584,0.41602764541844744
585,0.41647393067682226
586,0.4164320859842259
587,0.4165761132880014
588,0.4166177166668871
589,0.4168937151866528
590,0.41646185433943594
591,0.4166756564957912
592,0.41663240909478877
593,0.4167686465649735
594,0.416932031899897
595,0.4168030777490184
596,0.41696894577535665
597,0.4169515461286375
598,0.41720793268487244
599,0.4172267103702437
600,0.417340936255853
601,0.41721569392317226
602,0.4174444178154014
603,0.41727568138245646
604,0.4174825152745775
605,0.4176090398845506
606,0.4175129604462694
607,0.4175715812496727
608,0.4174459141707307
609,0.41767033542429644
610,0.4174613674221098
611,0.4176597399458262
612,0.4175570546450117
613,0.417650717253785
614,0.4177322490594261
615,0.4176758476078962
616,0.4176964815033194
617,0.41765653752224663
618,0.4175326999791483
619,0.41729149025439866
620,0.41730220723220074
621,0.41705176550129786
622,0.4170276029934833
623,0.41684409343564977
624,0.4165939259170888
625,0.41659962024637676
626,0.41635635021226813
627,0.4161588224512417
628,0.4159400746517184
629,0.4157132410440393
630,0.41551308488580024
631,0.4153828367964696
632,0.4151606200232562
633,0.41497791159784364
634,0.4148345428288331
635,0.41455369910347295
636,0.4143883495023676
637,0.41412179346066863
638,0.41384882137838186
639,0.41361228774170156
640,0.4133208096100476
641,0.4130941786143916
642,0.41272036046634153
643,0.41240290692507975
644,0.41209056888343276
645,0.41259348620725433
646,0.4122634681541008
647,0.4125875144352672
648,0.4122472063358309
649,0.4124015295883224
650,0.4121200348693727
651,0.4124030885800972
652,0.41273980059608323
653,0.41243115811008224
654,0.4127626083792375
655,0.41237396856362524
656,0.4126128856876625
657,0.4122533620654719
658,0.41237373399803856
659,0.4119767282618449
660,0.4121842927493546
661,0.41179142733062657
662,0.41203450310244316
663,0.412279691825162
664,0.41244303372273283
665,0.41267190958517597
666,0.4128548961526648
667,0.4129592917203535
668,0.4131332004160182
669,0.4132465298150979
670,0.4132858801509429
671,0.41352950881792533
672,0.41346772504917906
673,0.41354332882013944
674,0.4137014975044388
675,0.4137942226884845
676,0.41399358767758343
677,0.41401680387872275
678,0.41409662256021723
679,0.4141614154292269
680,0.41409016345601934
681,0.41414806507204266
682,0.4141843526772827
683,0.4143263816194983
684,0.41432356238133894
685,0.41428067203866137
686,0.41432327298100213
687,0.4143551071279279
688,0.41413275706252817
689,0.4141780101661382
690,0.4142072276348194
691,0.4142721421806382
692,0.4141887116698418
693,0.4141860868090917
694,0.414246799617567
695,0.41428759514479124
696,0.41437170823744224
697,0.4144030503194873
698,0.4144487473937623
699,0.4144838464981612
700,0.41444688480741687
701,0.414398254512333
702,0.4143967271774499
703,0.4143052787571622
704,0.4142140587195594
705,0.4141607582880219
706,0.41404269213588674
707,0.41390677260641484
708,0.4139084041297794
709,0.4137794666221787
710,0.41355789768047624
711,0.41330851331573804
712,0.4130764827030033
713,0.41279359270253846
714,0.41267190872362136
715,0.4126261831814356
716,0.4123577375121041
717,0.4123393437048006
718,0.4121013100353507
719,0.41206411865463133
720,0.4118728825448015
721,0.4116604863590433
722,0.41159344203740017
723,0.4112854894190855
724,0.41118862755970464
725,0.41085789208521745
726,0.4107503847237908
727,0.4111385723874242
728,0.41112053051208514
729,0.41147100038581763
730,0.41173927393926746
731,0.4116704208636303
732,0.4119490597256895
733,0.4118851649746129
734,0.4121040636755883
735,0.4120014466088689
736,0.4120250595816244
737,0.4120050147392423
738,0.4120434923521518
739,0.41197874813488145
740,0.4122181851111882
741,0.41231576995577673
742,0.4122881125168183
743,0.4125386515656272
744,0.4124219365032462
745,0.412569351879552
746,0.41257850411564123
747,0.4127794850531827
748,0.41254888134949386
749,0.4126328474199913
750,0.4128489278074857
751,0.4127023315420447
752,0.41280169890690177
753,0.4126591867396698
754,0.41267790129774007
755,0.41261257512537186
756,0.412606975827244
757,0.4125479615226049
758,0.41267948485651135
759,0.412879742096712
760,0.412774693141555
761,0.41278707992475977
762,0.4126546395637193
763,0.4128153545536931
764,0.41261821969530016
765,0.4125357411983573
766,0.41239222041233614
767,0.4125620026614271
768,0.4124212070191514
769,0.4125929288881303
770,0.41272124981537156
771,0.4125497888969317
772,0.4126528111710678
773,0.4124806557014078
774,0.41263698949524896
775,0.4124700245754325
776,0.41252400287300317
777,0.4122817667570449
778,0.412318063817031
779,0.4122633063650808
780,0.4120517313019138
781,0.4119667403725543
782,0.41173126926301135
783,0.41169031655026256
784,0.41149210630823985
785,0.41153007817489984
786,0.4113055728766087
787,0.41115761864175304
788,0.4111817721722926
789,0.4109257601209252
790,0.41085683456082994
791,0.4106110878259123
792,0.41053102046582934
793,0.4102072164365046
794,0.4100917895683541
795,0.4098850812724192
796,0.4096950334341477
797,0.40937478718312137
798,0.4091533844267964
799,0.40895899306462435
800,0.40865100485846534
801,0.4085185554927584
802,0.4081761259646027
803,0.4079836441406092
804,0.4076505911233522
805,0.4074018478788709
806,0.4071216293485066
807,0.4068865698664359
808,0.4065778679633924
809,0.40625388638015403
810,0.40605808500717905
811,0.4057410700135507
812,0.4055326147416728
813,0.4051930513981053
814,0.4049165289595882
815,0.40517918983421153
816,0.40492367255423123
817,0.4046935416206409
818,0.4048416225035444
819,0.4045107533331592
820,0.4046777915944205
821,0.4049739951189289
822,0.4051053988141957
823,0.40541092929849165
824,0.4054632235652556
825,0.4057659049726697
826,0.4059160312124872
827,0.40617183410989294
828,0.40644565849870273
829,0.40653560277477324
830,0.40661423667015606
831,0.4067593405545912
832,0.4069895556323756
833,0.40704642432503235
834,0.4072725120104712
835,0.40734887559242133
836,0.4075355036823859
837,0.40772063489695
838,0.4077048600195103
839,0.4078784005792818
840,0.4078735019190013
841,0.4080190357422867
842,0.4080414311432842
843,0.40808568916504545
844,0.40821848757922935
845,0.4082777776285284
846,0.40835332021241644
847,0.40849958924119656
848,0.4086346605431562
849,0.4086737010919956
850,0.40875396031261124
851,0.40884273777771984
852,0.40890639001151136
853,0.40896449447400063
854,0.40903979008445146
855,0.40908574977243983
856,0.40914672813969516
857,0.40919356237968
858,0.40927369120578216
859,0.4093213772222676
860,0.40938078727279786
861,0.4094100163130343
862,0.40935018086385994
863,0.4093975833685338
864,0.4094470288070092
865,0.4095049234321695
866,0.4096107418266959
867,0.4096587577426905
868,0.4097972215047688
869,0.40981409967011284
870,0.4097777986666299
871,0.4097352009940788
872,0.4097457178069048
873,0.40972549076798603
874,0.40975821650904687
875,0.40976127790777583
876,0.40970203370308333
877,0.40955219884783256
878,0.40949433060762963
879,0.40943657881421835
880,0.40943150929992356
881,0.4092941272059482
882,0.40919268800215025
883,0.4091763320520843
884,0.4091401202819173
885,0.4090903876746542
886,0.4090021078042991
887,0.4089286112471708
888,0.40883337392242336
889,0.4087747654968418
890,0.4086684334254332
891,0.4086682787960254
892,0.4084491551964689
893,0.4084170637932605
894,0.4081644649628413
895,0.40803856672656275
896,0.40799765015271794
897,0.4078360439372582
898,0.4078160201805117
899,0.4075910609341406
900,0.4075476353884292
901,0.407292561451134
902,0.4071509296013495
903,0.40683726588389996
904,0.4067772837426739
905,0.40653626307647944
906,0.40681496815529716
907,0.4068042193099079
908,0.4070661603001967
909,0.40703380735116024
910,0.4072820416103459
911,0.4072200708067797
912,0.40743659035419666
913,0.4073492401506648
914,0.4074252838864747
915,0.40763790254232435
916,0.40757088200672015
917,0.40779202293755257
918,0.4077361114252211
919,0.4078709198931465
920,0.40779893556406305
921,0.4080199610455743
922,0.4079208497055288
923,0.40811117854351797
924,0.4081978028408133
925,0.40812991347022265
926,0.4082684054457716
927,0.40814158367517644
928,0.40834372501165184
929,0.4082350652966797
930,0.40843670816513733
931,0.4083311792780311
932,0.4084447598924147
933,0.40831757248694844
934,0.40841107179668673
935,0.4085857362481117
936,0.4084409799480547
937,0.408577642913068
938,0.40839066527877216
939,0.40848263596693923
940,0.408285265857738
941,0.40842643586992045
942,0.40822360663417834
943,0.408271071373036
944,0.4084481910401158
945,0.40831174865971687
946,0.4084943597649048
947,0.408241543203219
948,0.40838566673606935
949,0.40821071176886614
950,0.4083741098282764
951,0.408201469549763
952,0.40836844624256424
953,0.40849128209828456
954,0.40820521843719215
955,0.40824337829975443
956,0.40803772769997054
957,0.40806431225598205
958,0.4078175529276337
959,0.4079333419197294
960,0.4076958914255222
961,0.4078221808159698
962,0.40759012418451307
963,0.4077278230230409
964,0.4077525573522919
965,0.4075097028051954
966,0.4074999602869747
967,0.4072097763123681
968,0.4072837840193807
969,0.4070192791444409
970,0.4070128596348003
971,0.4067204040888612
972,0.40670469021179223
973,0.40667659264056527
974,0.4063910054766325
975,0.4064842455096289
976,0.40675775429781036
977,0.40679724703757997
978,0.40696778358183466
979,0.40702695700299063
980,0.40720645126507565
981,0.4072539429086108
982,0.4073836854445238
983,0.40747537484868984
984,0.4074714990933492
985,0.4075440645933105
986,0.40752505619436186
987,0.407626632154653
988,0.40768944948009456
989,0.40774745426046655
990,0.4078185019253947
991,0.40786784491977796
992,0.407814940141472
993,0.40777804763754305
994,0.40784973130173335
995,0.407688588761674
996,0.40769765420376
997,0.40763954676135106
998,0.40771199965233607
999,0.4075804478276166
1000,0.40764629949978615
1001,0.4074044838823906
1002,0.40725870795970354
1003,0.40731999520813994
1004,0.40709025587103315
1005,0.4071302737657795
1006,0.4070324372540604
1007,0.40705302499645696
1008,0.4068705247151601
1009,0.4069170225040296
1010,0.4067561666619718
1011,0.40666185730862126
1012,0.40656587446960024
1013,0.4063341085269919
1014,0.40630923547014036
1015,0.40609461742107544
1016,0.4061863138970406
1017,0.4060069741801728
1018,0.4060656546310729
1019,0.4058365124788518
1020,0.4058705802724837
1021,0.4061354172015762
1022,0.40630125191598665
1023,0.4063639722132432
1024,0.40651022246589735
1025,0.4064382357063031
1026,0.40659050513763806
1027,0.4066146852906149
1028,0.4067728703209112
1029,0.4067706193449371
1030,0.406935618221275
1031,0.4070587860955876
1032,0.40708067875738935
1033,0.4071755562249445
1034,0.4072225349536298
1035,0.40735581762497725
1036,0.40732525279898957
1037,0.4073890484990116
1038,0.4074338908342655
1039,0.4076086509004405
1040,0.407569939312607
1041,0.40762525402124616
1042,0.40771891791873943
1043,0.40767933371416876
1044,0.4077504732741416
1045,0.40776086509790266
1046,0.4078843647715608
1047,0.4078314477188546
1048,0.4079511096068217
1049,0.4079053439176678
1050,0.4079972171687614
1051,0.4080047002372743
1052,0.40804406210483035
1053,0.408155047848272
1054,0.40814205019373323
1055,0.4081626456941425
1056,0.4081558443578781
1057,0.408238121201194
1058,0.40826122958454303
1059,0.4083423956580212
1060,0.4084190283790742
1061,0.40844017739506705
1062,0.4085675122577405
1063,0.4085446555075215
1064,0.40856915588541265
1065,0.4085734791808154
1066,0.40866526504536776
1067,0.4086022158444167
1068,0.4086501584077462
1069,0.4086308510557369
1070,0.4086769425639035
1071,0.40875517625739965
1072,0.4087384507180413
1073,0.4087886825657893
1074,0.4087936724214954
1075,0.4088862880135732
1076,0.40880450593538187
1077,0.40886750017346624
1078,0.4086586725419189
1079,0.4086767072965262
1080,0.40869643996729615
1081,0.4085771912272521
1082,0.4086193831031418
1083,0.4084297605958291
1084,0.4083480419810033
1085,0.4082587174811333
1086,0.4082511651328723
1087,0.4081740898461169
1088,0.40816661444701186
1089,0.40814715401473267
1090,0.4080344005642001
1091,0.408122003104216
1092,0.40807869629543136
1093,0.40812341504380234
1094,0.4080204604349532
1095,0.40804127605489404
1096,0.4079479318121549
1097,0.4079934423557769
1098,0.40784758491521445
1099,0.4078081452461748
1100,0.4077322747665816
1101,0.4075827534144404
1102,0.4075393773855048
1103,0.40745713261777255
1104,0.40745790455532893
1105,0.40735811770445024
1106,0.4073690930108024
1107,0.4072442384105738
1108,0.40721735176485846
1109,0.4071955608127916
1110,0.4071224816065745
1111,0.4070579258048087
1112,0.4068792456012661
1113,0.40669833351883733
1114,0.4065252565711101
1115,0.4064127729885418
1116,0.40623350744434444
1117,0.4061816445811858
1118,0.4060387863065313
1119,0.4058736140166361
1120,0.40571370905740595
1121,0.4055698931200296
1122,0.4054088183053016
1123,0.4052829428741406
1124,0.4050932573758275
1125,0.4048698181823074
1126,0.40465669066229654
1127,0.40441653734600347
1128,0.4046009333257691
1129,0.4047602059962691
1130,0.4050210208734943
1131,0.40519789822345553
1132,0.4052985381673605
1133,0.40544191704429605
1134,0.4055067676129028
1135,0.4056612830142437
1136,0.40576947667917534
1137,0.4059103870854167
1138,0.4060625774664892
1139,0.40619319001939386
1140,0.406335079614567
1141,0.4064382367656124
1142,0.4065944481708823
1143,0.40669151984096513
1144,0.40673122815956
1145,0.40680598989081956
1146,0.406943463355301
1147,0.40701957866102545
1148,0.407030409468826
1149,0.40712993845943596
1150,0.4071447385998145
1151,0.4072147685091581
1152,0.4071182586073074
1153,0.4071176175287817
1154,0.40718668117359497
1155,0.40728884150815753
1156,0.40723872227714486
1157,0.4073447184022575
1158,0.4074836719788696
1159,0.40754169732416357
1160,0.4075560837651161
1161,0.40761154444159436
1162,0.407690269251037
1163,0.40774554362462145
1164,0.40785619651270294
1165,0.40788475891770676
1166,0.4079301299209616
1167,0.4080139193263893
1168,0.40805912494381824
1169,0.40807384238671035
1170,0.4080845381708258
1171,0.408162349870066
1172,0.4081777573868285
1173,0.40826175939252984
1174,0.4082954084818584
1175,0.4082923640219128
1176,0.4083219571096639
1177,0.4083857022198182
1178,0.4083857808387362
1179,0.40835092431945624
1180,0.4083891068626729
1181,0.40840345124933924
1182,0.4084043093321327
1183,0.4084217854380741
1184,0.4084416074985831
1185,0.4084274249529193
1186,0.4084480004366502
1187,0.4083399655360423
1188,0.4083471688454086
1189,0.4083748377909191
1190,0.4082860013279742
1191,0.4082429022442239
1192,0.40821715188371516
1193,0.40816160940740975
1194,0.40817282242324693
1195,0.4081252373185105
1196,0.4080048928224597
1197,0.40802322871116636
1198,0.4078296521077792
1199,0.4078363600040095
1200,0.4076892775901758
1201,0.407664871267723
1202,0.4074487781899968
1203,0.4074409285370633
1204,0.40722377720457936
1205,0.40721376090893113
1206,0.40742875023644254
1207,0.40759326807625407
1208,0.4075659605100377
1209,0.40772624826394377
1210,0.40769424743653315
1211,0.4077845524891394
1212,0.4077858094976712
1213,0.40788749776424205
1214,0.40787247218187456
1215,0.40805107474730884
1216,0.40821631299559763
1217,0.40817568717427244
1218,0.4082890231105929
1219,0.40827916857876384
1220,0.4084114635462865
1221,0.40839923908891934
1222,0.40854275135951995
1223,0.408516661219166
1224,0.40864301966873545
1225,0.4087232772905174
1226,0.4086795399453121
1227,0.4087168587352985
1228,0.4086899908230639
1229,0.40871122362491985
1230,0.40865086085059665
1231,0.4086956990327323
1232,0.408633157601862
1233,0.40857146715900694
1234,0.4085212645528948
1235,0.4085744017447509
1236,0.4086540176902861
1237,0.4085743100406791
1238,0.4086280456670437
1239,0.40858708398005217
1240,0.4087140958410376
1241,0.4085945389666671
1242,0.40861033467113933
1243,0.4084978230583404
1244,0.4085408033855794
1245,0.408637216999316
1246,0.40850010370264583
1247,0.40858736791679473
1248,0.4084542574331434
1249,0.4085166301689968
1250,0.40832522834838175
1251,0.4083485914135963
1252,0.4081905675660617
1253,0.40823495006387944
1254,0.408064523109166
1255,0.40810667711835824
1256,0.40814802413129947
1257,0.4079840176957104
1258,0.40804850624860334
1259,0.4078825793977174
1260,0.40790160189132274
1261,0.4076869038045203
1262,0.4076926385803213
1263,0.4074954953818414
1264,0.40751396928798755
1265,0.40748418827428934
1266,0.4076279411278595
1267,0.40762702470860857
1268,0.40775195934809083
1269,0.4077102786985504
1270,0.40780022902028545
1271,0.407769659416231
1272,0.4077989149337686
1273,0.4078082170840259
1274,0.40779245034517697
1275,0.4078459254560406
1276,0.4079699649537414
1277,0.4080195687127287
1278,0.4080198771544172
1279,0.408054690862509
1280,0.4080087587236706
1281,0.40806771824953075
1282,0.40801525413292766
1283,0.4080829045473114
1284,0.40795663677559163
1285,0.40779765559569336
1286,0.40781563182439895
1287,0.4076715740580882
1288,0.40774210819920514
1289,0.4076383899811621
1290,0.4076826271043876
1291,0.4075696427739676
1292,0.4075985896939244
1293,0.4074640317993653
1294,0.40734780886569244
1295,0.4073238758550072
1296,0.4071810936470734
1297,0.4072377052122883
1298,0.4070626177456426
1299,0.40707799355836294
1300,0.4068830297499143
1301,0.4069143850739471
1302,0.4067313598729136
1303,0.40689689710631904
1304,0.4069224093453464
1305,0.4071098393653691
1306,0.4071459729129038
1307,0.4073204894040533
1308,0.40730686146716105
1309,0.4074626905015085
1310,0.407413839044554
1311,0.40756650435823316
1312,0.40757998435742937
1313,0.4077237312944565
1314,0.4078408156246286
1315,0.40773758098037927
1316,0.4078316282870517
1317,0.4078227666167515
1318,0.40794229983491254
1319,0.40794122186910114
1320,0.40800424314751427
1321,0.4079896062281655
1322,0.4080937528290355
1323,0.4082006013363396
1324,0.40818445390080227
1325,0.4082662543615404
1326,0.408286962480097
1327,0.4082998483356512
1328,0.4082603199779407
1329,0.4082916000527407
1330,0.4082825367888191
1331,0.40831941007518024
1332,0.4084338958828089
1333,0.4084162981848099
1334,0.40843397400174675
1335,0.40842203756632733
1336,0.408483331266709
1337,0.4084594225178469
1338,0.4085388821433802
1339,0.4085163785153919
1340,0.4085500615832377
1341,0.4085121514108857
1342,0.4085626115521537
1343,0.408621409911097
1344,0.408575138116844
1345,0.408647833491347
1346,0.40862607479371815
1347,0.40866231589762714
1348,0.4085875355507661
1349,0.4086718723397221
1350,0.40856164841422304
1351,0.4086027006605729
1352,0.408631171398073
1353,0.4085587626033793
1354,0.4085184178884986
1355,0.4084822932435633
1356,0.40854823120302897
1357,0.40842892130497466
1358,0.4084192616916124
1359,0.4083909171860398
1360,0.40841935503399374
1361,0.4084297759097265
1362,0.40835380380134334
1363,0.4083766794468689
1364,0.40830774733848807
1365,0.40827476324621736
1366,0.4081956536296466
1367,0.40822820062650333
1368,0.40814578993083
1369,0.4081549417369116
1370,0.4080397080011264
1371,0.4079507178157267
1372,0.4079112487312876
1373,0.407832746128184
1374,0.40775366048789613
1375,0.407654135525738
1376,0.4076197446515667
1377,0.4074930879381492
1378,0.4074718243583887
1379,0.4073467987864669
1380,0.4072669703251014
1381,0.4071927002449177
1382,0.4070319887369699
1383,0.40691370233868945
1384,0.4067370501738984
1385,0.4066517429529273
1386,0.4064619023141237
1387,0.4063952111936782
1388,0.40619560826350953
1389,0.4060735645882055
1390,0.4061407337712416
1391,0.40600264013382337
1392,0.40587961096188296
1393,0.40599003334889866
1394,0.4058766421586495
1395,0.4059416700662667
1396,0.40577920265921164
1397,0.4058435241012662
1398,0.4056927946224881
1399,0.40573956957235585
1400,0.4055251781486574
1401,0.4057808300253895
1402,0.40580863983793203
1403,0.4060298192076533
1404,0.4060352978531987
1405,0.40623729602240866
1406,0.4062821863745418
1407,0.4064073870815026
1408,0.4064568011156406
1409,0.4066084807253517
1410,0.40671585636155594
1411,0.4067155640607304
1412,0.4067960327649861
1413,0.4067823542356909
1414,0.4068833367796138
1415,0.4068902743853311
1416,0.4070256690855338
1417,0.40704116153879244
1418,0.40714836600096127
1419,0.4071823655428661
1420,0.40725349610553535
1421,0.4073669926895863
1422,0.40733317830780963
1423,0.4074073891390193
1424,0.4074411233424522
1425,0.40743578228639415
1426,0.40743110906192664
1427,0.4075414001380223
1428,0.4075201662401599
1429,0.40755438125748605
1430,0.4076234987171639
1431,0.4075996247141817
1432,0.40765150313702725
1433,0.4076717320613108
1434,0.4076939084477681
1435,0.4076878005602855
1436,0.4077657565228326
1437,0.40773402180171014
1438,0.4078164373562668
1439,0.407829281181059
1440,0.4077700666221675
1441,0.40782480741101884
1442,0.40779772329818054
1443,0.40785498958622657
1444,0.40784751982284695
1445,0.40788836255904704
1446,0.40786979438240695
1447,0.40792882252925616
1448,0.40791677040467034
1449,0.4079763442218769
1450,0.40801372485928694
1451,0.4079795434663393
1452,0.4080441605900803
1453,0.40796650534943685
1454,0.4079700521748898
1455,0.4079411735600071
1456,0.4079563939337002
1457,0.40790942950843145
1458,0.407938884734161
1459,0.4079786511264617
1460,0.40792142663726827
1461,0.4079546918886778
1462,0.40791691927088836
1463,0.40796884831688807
1464,0.4079066234752037
1465,0.40788763303469444
1466,0.40784162911530986
1467,0.40791276332117576
1468,0.4079426660947452
1469,0.407829263148502
1470,0.4078212932221562
1471,0.40769527476032524
1472,0.4077091913884138
1473,0.4075866047527181
1474,0.4075986430752215
1475,0.4075479523410966
1476,0.40755743849869325
1477,0.4074557084056448
1478,0.40744862785778296
1479,0.40750283023270467
1480,0.4074102595140934
1481,0.40741341727888736
1482,0.40732229099016665
1483,0.40732867680002
1484,0.4071728236938036
1485,0.40718437079457004
1486,0.4070421431810726
1487,0.40707406684744346
1488,0.4071294304868549
1489,0.4069577051068335
1490,0.4070060906798084
1491,0.40682832267132973
1492,0.40682735038966494
1493,0.40663915854857835
1494,0.4065605447224062
1495,0.4068045832020645
1496,0.4067007280310523
1497,0.4066834267364345
1498,0.40674180212630323
1499,0.4067578936438691
1500,0.4068545618942598
1501,0.40681079167065126
1502,0.4068683180997666
1503,0.4068509911117393
1504,0.406865714858644
1505,0.4068427627615775
1506,0.4068612355941442
1507,0.40680195889176074
1508,0.4067953731244961
1509,0.4068213489465002
1510,0.406753448813763
1511,0.4067275199580555
1512,0.4066316402042459
1513,0.4066507705807549
1514,0.40658376079318276
1515,0.40659603291152174
1516,0.406545965923755
1517,0.4064542271648072
1518,0.40646530164488326
1519,0.40637061306467864
1520,0.40639912563841935
1521,0.4062517852384728
1522,0.4062598374188928
1523,0.40637088029330826
1524,0.4064135826164887
1525,0.4065485697554883
1526,0.4065440543704907
1527,0.4065005526280928
1528,0.4065517361800257
1529,0.40655031829693333
1530,0.4066224136900768
1531,0.4066049081120851
1532,0.40662197316061655
1533,0.40658167644253285
1534,0.4066960907339491
1535,0.40667982100403427
1536,0.4067521903067498
1537,0.4068103294778601
1538,0.4068020192093386
1539,0.40686927257099176
1540,0.40685848550268233
1541,0.40694464251873363
1542,0.4069467036948248
1543,0.4069775604860995
1544,0.4069483720397814
1545,0.4070397732940709
1546,0.4070894813161009
1547,0.40710368238973527
1548,0.40716245646265287
1549,0.4071338704285994
1550,0.407185234552646
1551,0.4071865459652974
1552,0.40719090234083943
1553,0.4071605454066666
1554,0.4072482801044083
1555,0.40723252613516986
1556,0.4072885089022692
1557,0.4073735827630737
1558,0.4073559703044968
1559,0.4074481828799607
1560,0.407426308601332
1561,0.4074868627150844
1562,0.4074480400337504
1563,0.40750850786613035
1564,0.4075162900542376
1565,0.4075826913011521
1566,0.4076586811244011
1567,0.4076452411143666
1568,0.4076764604151796
1569,0.4076835270049258
1570,0.4077267388150861
1571,0.4077151024603731
1572,0.407782317182534
1573,0.4077622455624139
1574,0.4077974959420856
1575,0.40785793595555375
1576,0.40785707234165586
1577,0.40789520802726714
1578,0.4078427596603554
1579,0.4078820547360503
1580,0.40783386945717054
1581,0.4078791063248525
1582,0.4077729613708475
1583,0.40782534835527373
1584,0.4077534135571099
1585,0.40778604427171566
1586,0.4078102844291269
1587,0.4077736719452171
1588,0.4078384146210058
1589,0.40780719233590385
1590,0.40783552929542266
1591,0.40772701211081863
1592,0.4076964991639844
1593,0.4075816501050925
1594,0.40758925286149816
1595,0.4076306731089182
1596,0.4075866431818184
1597,0.4076250511157692
1598,0.4075638987232478
1599,0.4076004960771008
1600,0.40749860635725843
1601,0.4075091765313026
1602,0.4073649094094568
1603,0.4073625432703657
1604,0.40737670610001986
1605,0.40730591168811203
1606,0.40730475932805354
1607,0.4072270171476359
1608,0.40713228628890363
1609,0.4070358957376709
1610,0.4070113611936829
1611,0.40690280566004045
1612,0.4069147877223812
1613,0.40678821331824
1614,0.40672807634590064
1615,0.4066169941536145
1616,0.4064990034069697
1617,0.40648011774505405
1618,0.4063916027856617
1619,0.406385078591855
1620,0.4062388425152267
1621,0.406155283213519
1622,0.4060280236643673
1623,0.405982019135852
1624,0.405848000906213
1625,0.4059793332088614
1626,0.4058827565216497
1627,0.4059795671761471
1628,0.4059127780067596
1629,0.40579314766768304
1630,0.40569805684121024
1631,0.40572329480896496
1632,0.40562022570947615
1633,0.4054737619657269
1634,0.405483415553083
1635,0.40538065081427266
1636,0.40543840385275576
1637,0.4053317319723366
1638,0.40539059853215587
1639,0.4052441906403879
1640,0.4052851230288673
1641,0.40517704758146034
1642,0.4052462405957116
1643,0.4050962128657404
1644,0.40497804875790877
1645,0.4049815540391742
1646,0.40521760840627524
1647,0.4052399751919009
1648,0.4053847771798423
1649,0.4054139296493502
1650,0.4054114619242008
1651,0.405431382879491
1652,0.40556716240199264
1653,0.4056792878964627
1654,0.405715656327042
1655,0.4058023794208462
1656,0.4058352097474486
1657,0.40591605192358016
1658,0.4059230623587565
1659,0.4060254769040134
1660,0.40605412224780774
1661,0.40614208560782983
1662,0.40617292071503563
1663,0.4062555925893861
1664,0.4063250728120333
1665,0.40633185070644184
1666,0.40635796762644516
1667,0.4063658586360998
1668,0.4064453533847067
1669,0.4064588719868093
1670,0.40652176541767504
1671,0.40646090547088154
1672,0.40652032302476326
1673,0.40654737424965
1674,0.4065200235655023
1675,0.4065510061560329
1676,0.40652594811077963
1677,0.40659081643993844
1678,0.40654711986044967
1679,0.4065910071468111
1680,0.4065648580611666
1681,0.4065393010296311
1682,0.40655323610138583
1683,0.4065626486213277
1684,0.4065928871453293
1685,0.4065504904612741
1686,0.4066161372976376
1687,0.4065749020317805
1688,0.40663877619861016
1689,0.4066104920529733
1690,0.4066187163532759
1691,0.4066168359793865
1692,0.40660654912460326
1693,0.4066254059515987
1694,0.4065468156357519
1695,0.406555047736984
1696,0.4065017493836981
1697,0.4065340299120492
1698,0.406473539991722
1699,0.4064963059363049
1700,0.4064610139809569
1701,0.4065172222487844
1702,0.4065416002567437
1703,0.4064801640152528
1704,0.40648838664691966
1705,0.4063775230320711
1706,0.4063846741344516
1707,0.4063128930172577
1708,0.40631506805551953
1709,0.40621064633982196
1710,0.4062644711762521
1711,0.4063060393119633
1712,0.4061679900630731
1713,0.4061746607330348
1714,0.4060955140261576
1715,0.40608395330803326
1716,0.40591977885143293
1717,0.4059586102425207
1718,0.4060161816018247
1719,0.40603780885416774
1720,0.40606603450625045
1721,0.4060335722243627
1722,0.40607003522865026
1723,0.40615438172873886
1724,0.4061301890875105
1725,0.4062111108966791
1726,0.40622816030906217
1727,0.4062649772151106
1728,0.4062462782540505
1729,0.4062720657897498
1730,0.406263260350578
1731,0.4061815317322467
1732,0.40621498002847145
1733,0.40618594988917367
1734,0.4062275705063983
1735,0.4061941895155313
1736,0.40621990157349763
1737,0.4061832821789643
1738,0.40623792106504625
1739,0.4061232662356164
1740,0.406057835992011
1741,0.40611135324363073
1742,0.406025290554776
1743,0.4060389997334298
1744,0.40597919880351513
1745,0.4060233851259424
1746,0.40589894415128247
1747,0.40588387707825146
1748,0.4057547511545271
1749,0.40576745780111523
1750,0.405611399218493
1751,0.4054733972012796
1752,0.40549217861956677
1753,0.4053424675797439
1754,0.4053585833540625
1755,0.40555774827273694
1756,0.40557644838211865
1757,0.40570215291408573
1758,0.4056807873786209
1759,0.405674561708132
1760,0.40580438387012363
1761,0.4058137473817249
1762,0.4058694588818906
1763,0.40585830906433185
1764,0.4059602452831762
1765,0.40597597265796936
1766,0.4060336372271075
1767,0.4060493128282854
1768,0.40610473074910847
1769,0.4061531115791877
1770,0.4061665585684877
1771,0.4062127119702814
1772,0.4062223635796089
1773,0.4062030716574466
1774,0.4062159303876059
1775,0.4061506329871306
1776,0.4061431747596346
1777,0.40617689172417737
1778,0.4061859942850713
1779,0.4062388808885126
1780,0.4063013219796098
1781,0.4062980814064889
1782,0.4063753565921848
1783,0.40638007855011826
1784,0.4064300682541574
1785,0.40639483486815553
1786,0.4064037964119396
1787,0.40638828825990003
1788,0.406416907425445
1789,0.4064741814987595
1790,0.4064767160636156
1791,0.4064813705075158
1792,0.40643404890318735
1793,0.4064901314837036
1794,0.4064640467428283
1795,0.4065274675169698
1796,0.40649663091891186
1797,0.40647111413842907
1798,0.4064820969883732
1799,0.40651261692213014
1800,0.4065225126891211
1801,0.4064975664601026
1802,0.4065533490039378
1803,0.4065595196862238
1804,0.4065999334384972
1805,0.4066050227556424
1806,0.4066574782581031
1807,0.4066320237845981
1808,0.4066602246789931
1809,0.40668629550618773
1810,0.40666296943128993
1811,0.40669688531736164
1812,0.4067008617297212
1813,0.4067252851460278
1814,0.406716665781184
1815,0.40673057943538843
1816,0.4067251080921504
1817,0.4067149327581784
1818,0.4067534055295103
1819,0.4067123880514757
1820,0.4067523884330936
1821,0.4067474437853765
1822,0.4067211069426741
1823,0.4066869720511196
1824,0.4066867570931236
1825,0.4066875844488914
1826,0.4066472697550558
1827,0.4065945027851344
1828,0.40656571809471054
1829,0.4064995253617214
1830,0.4064926406795887
1831,0.40648160755988305
1832,0.4064721426602004
1833,0.40644971573108746
1834,0.4063884173485278
1835,0.406321477724884
1836,0.4063183218558678
1837,0.4062628752182499
1838,0.40618419588959787
1839,0.40612421337893345
1840,0.4060162136573391
1841,0.40596515364366426
1842,0.40584597838853914
1843,0.40580433930409765
1844,0.4057116706069673
1845,0.4056799320660004
1846,0.4055910238416855
1847,0.4054692389879316
1848,0.40541192052085073
1849,0.4053011485231493
1850,0.405283048253026
1851,0.4051631984334095
1852,0.40510408258014136
1853,0.4049731426601852
1854,0.40493110858594783
1855,0.40480807644099415
1856,0.40472976307330233
1857,0.40461924630741086
1858,0.4047606943638571
1859,0.404711699146321
1860,0.4047747855025149
1861,0.4047120296140834
1862,0.40477147303892236
1863,0.40470725143151387
1864,0.40479216085292047
1865,0.40471370969053055
1866,0.4047470201397053
1867,0.4047481862741777
1868,0.40466580091134385
1869,0.4047428713929409
1870,0.40464886826180446
1871,0.4047187453580571
1872,0.4046528121260559
1873,0.4046875537607124
1874,0.4046095133959392
1875,0.4046960151774773
1876,0.4047403236055408
1877,0.40465832363570514
1878,0.40471831494604615
1879,0.404648060236627
1880,0.40467002118060613
1881,0.4045614003483909
1882,0.404631427143458
1883,0.40452344047406774
1884,0.4045560222020105
1885,0.40444716964987465
1886,0.40448530398972354
1887,0.40454408617680376
1888,0.40446616448175715
1889,0.4045193512018296
1890,0.4044339643509569
1891,0.4045052355275357
1892,0.4044073620466276
1893,0.40446046602804875
1894,0.40433255072848323
1895,0.40439216511387965
1896,0.4044522250424968
1897,0.4043089493545998
1898,0.4043709913473984
1899,0.40442445049697573
1900,0.4044948982744542
1901,0.4045322198105662
1902,0.4045830234603038
1903,0.4046037554797686
1904,0.4046114642905911
1905,0.4045831741364502
1906,0.40458488856849667
1907,0.4046155652746764
1908,0.4046556963805793
1909,0.4046917986421919
1910,0.4047268696137366
1911,0.4047469565193783
1912,0.40476652638353994
1913,0.40468700308178895
1914,0.40470856976462166
1915,0.4047395660019495
1916,0.4047576082530008
1917,0.4048029607642819
1918,0.40481400472107054
1919,0.4048364545377695
1920,0.40487227819820176
1921,0.4048931925165456
1922,0.40489773214471
1923,0.4049037535976042
1924,0.40492709827691764
1925,0.4049528954140166
1926,0.40496976537790774
1927,0.4049881026626042
1928,0.4049925875298788
1929,0.40502670037375565
1930,0.4050593005026489
1931,0.4051012443312819
1932,0.405100246916847
1933,0.40506573451414296
1934,0.4050819956425563
1935,0.4050485103883954
1936,0.4050529512793076
1937,0.4050263985367395
1938,0.4050593603045923
1939,0.4050632984721239
1940,0.4050854059474133
1941,0.4050687104906922
1942,0.40504319842989644
1943,0.40505645383247996
1944,0.4050554816140185
1945,0.4050295233484567
1946,0.4050300327438306
1947,0.405022710412663
1948,0.4049953372277342
1949,0.4049797245802444
1950,0.4049826979202885
1951,0.4049734564402502
1952,0.4049495762657509
1953,0.4049115661545538
1954,0.4049052953484935
1955,0.4049229186230871
1956,0.4048620743409786
1957,0.40483537850953305
1958,0.4048598206109781
1959,0.40481417651140356
1960,0.40474620396873534
1961,0.40473078985585176
1962,0.40468526819596456
1963,0.40467232317762025
1964,0.4046035741576769
1965,0.4045392542542524
1966,0.40454384599430304
1967,0.404435997155297
1968,0.4044435346247339
1969,0.40433728679395414
1970,0.4043085642984169
1971,0.4042184396691596
1972,0.40418544464433576
1973,0.40408144731251616
1974,0.40394373655216126
1975,0.4039437325879723
1976,0.4037975298004576
1977,0.4037874599998723
1978,0.40389646140071084
1979,0.4038834688897047
1980,0.40385555980187854
1981,0.4038425972320036
1982,0.4038286842705173
1983,0.40398144412290904
1984,0.4039386489016
1985,0.40406041589282105
1986,0.4040329940622199
1987,0.4040430309096393
1988,0.40404010710674143
1989,0.4041479397479762
1990,0.4041267643453299
1991,0.4041970947835264
1992,0.4041845369157282
1993,0.4042653023557256
1994,0.4043340374941792
1995,0.40432908946005675
1996,0.40441923348078157
1997,0.4043913299923327
1998,0.40447372285588284
1999,0.40441146998705496
2000,0.40449615924181914
2001,0.4044353872080085
2002,0.4044756755539066
2003,0.4044892597788259
2004,0.40446189735255655
2005,0.40454065224534863
2006,0.40449998015954536
2007,0.4045258856980706
2008,0.4044971355607088
2009,0.40457287507946776
2010,0.4045265726086007
2011,0.4045244288918125
2012,0.4045763402791036
2013,0.4045381598157564
2014,0.4046032790965085
2015,0.404549026213461
2016,0.4046263827425946
2017,0.4045806865712499
2018,0.40460074860701456
2019,0.4045002898552951
2020,0.4045335913035932
2021,0.4044620550961143
2022,0.40451893458484023
2023,0.4045620853290163
2024,0.4045076114431847
2025,0.40456344818093576
2026,0.40450761281795533
2027,0.404555864160603
2028,0.4045062021053806
2029,0.4045482940246261
2030,0.40443757168358163
2031,0.4045026748363882
2032,0.40455973640096665
2033,0.4044745156563917
2034,0.40453059613694825
2035,0.4044140477424801
2036,0.4044386940307363
2037,0.4043452515506706
2038,0.40438301499225665
2039,0.404284067134955
2040,0.40431994842916064
2041,0.4043539274836914
2042,0.4042635455703813
2043,0.4042820983216231
2044,0.404172685724156
2045,0.4041557853802731
2046,0.4040628563016373
2047,0.4040945125232941
2048,0.4039667399428174
2049,0.4040063252035123
2050,0.4038717245616047
2051,0.403855460241856
2052,0.4038899176115841
2053,0.4037643894660393
2054,0.4037839789175572
2055,0.4039767394012944
2056,0.4039795081361316
2057,0.40403657545067145
2058,0.4040434922923561
2059,0.4040912064682217
2060,0.40412404822253867
2061,0.4041387948821057
2062,0.404198441786151
2063,0.4041705663809808
2064,0.4041834230884624
2065,0.40421013969782316
2066,0.4042354465086843
2067,0.4042320910534051
2068,0.4042670614621108
2069,0.40429646329667135
2070,0.40433414272746526
2071,0.4043676396526424
2072,0.4044163157686446
2073,0.4044350076258111
2074,0.40445414364844867
2075,0.4044599168016666
2076,0.4044666049367177
2077,0.4044930580524828
2078,0.40450248404046646
2079,0.4045123612039263
2080,0.4044887122794999
2081,0.40451189478140404
2082,0.4045364333396016
2083,0.4045224362913169
2084,0.40453640712750805
2085,0.40456227591059085
2086,0.4045579031592085
2087,0.4045938077084538
2088,0.4046104686788861
2089,0.4045205807629627
2090,0.404542282828434
2091,0.40454021223234793
2092,0.40454042639768273
2093,0.40453014354956685
2094,0.4045627498197886
2095,0.4045602189092598
2096,0.40458731403513004
2097,0.4045938864800971
2098,0.404563571447193
2099,0.4045778843613513
2100,0.40459991846724835
2101,0.40455873008113147
2102,0.4045684802272732
2103,0.4045659563540884
2104,0.4045584398282579
2105,0.40454729882361135
2106,0.40453253811260775
2107,0.40448740899178814
2108,0.40446316757613665
2109,0.4044629576269731
2110,0.40446184220828235
2111,0.40444805446874527
2112,0.4044302068288633
2113,0.4044006171781094
2114,0.404371504791567
2115,0.4043437726200681
2116,0.40433367579664486
2117,0.4043014701962978
2118,0.4043175671281494
2119,0.4042709665045342
2120,0.4042802994325581
2121,0.4042806133907355
2122,0.4042849801935778
2123,0.4042951951082571
2124,0.40428785386380517
2125,0.4042931113061002
2126,0.4042902728232559
2127,0.40427665304607896
2128,0.4042702306906493
2129,0.4042561822709988
2130,0.4042336203005938
2131,0.4042272236116931
2132,0.40420783161309426
2133,0.40417366881327854
2134,0.404156554900441
2135,0.404131844712189
2136,0.40412281750200785
2137,0.40411200877738
2138,0.40410702126111075
2139,0.4040783532781697
2140,0.40406534323501486
2141,0.40403269919498597
2142,0.40401168582032654
2143,0.40401477810637
2144,0.40398175217165944
2145,0.4039737115934539
2146,0.40393850413975685
2147,0.4039340498383403
2148,0.4039175824458344
2149,0.4039086916393256
2150,0.4038673475956417
2151,0.40381225978482893
2152,0.4037780987585096
2153,0.40373996978103766
2154,0.4037071991856969
2155,0.4036802237428538
2156,0.4036541578350595
2157,0.40363077337284625
2158,0.4036171560489604
2159,0.4036066502244665
2160,0.4035775608735975
2161,0.40354761088351837
2162,0.40351193630475385
2163,0.4035112158074341
2164,0.4034610051421407
2165,0.4033785934144647
2166,0.40327859093533214
2167,0.4032386871948043
2168,0.4031860250161178
2169,0.40310607116258457
2170,0.4030821526253942
2171,0.4030199302801889
2172,0.40300707395742724
2173,0.40291500854703416
2174,0.40287360972554886
2175,0.40279486925372987
2176,0.4027386097883466
2177,0.4026832756586707
2178,0.4026069091054493
2179,0.4025428960826661
2180,0.40245261161183715
2181,0.4023716114028396
2182,0.40228717143645365
2183,0.4022374158075415
2184,0.40212594848257693
2185,0.402109569279313
2186,0.40199256124477334
2187,0.4019408197494143
2188,0.4018886837873966
2189,0.40178371447705474
2190,0.4017552720459907
2191,0.4016491367365761
2192,0.40160156861239316
2193,0.4014877337731499
2194,0.40142500824408495
2195,0.4012978302934077
2196,0.4012448167958994
2197,0.4011922823485107
2198,0.4010845127890792
2199,0.4010220791081401
2200,0.40089533460803234
2201,0.4008056426052537
2202,0.4008276898071731
2203,0.4007520001770448
2204,0.4008053046756599
2205,0.4007409720637415
2206,0.4007755834115356
2207,0.400712185632099
2208,0.40062890548732194
2209,0.4006687118182386
2210,0.4005604086931733
2211,0.400586789837926
2212,0.40046130882354214
2213,0.40050975709098735
2214,0.4006357701818158
2215,0.4006733093587532
2216,0.4008023028363312
2217,0.40079787621774743
2218,0.40082279255789166
2219,0.4008390631515778
2220,0.4008505785698027
2221,0.4007789215595385
2222,0.4008042323258191
2223,0.40091783964566724
2224,0.4009521129877661
2225,0.40100743567025476
2226,0.4010971101864594
2227,0.4010887238294245
2228,0.4011804377130049
2229,0.40119092083858626
2230,0.4012537593871267
2231,0.4012440416149878
2232,0.401300801908799
2233,0.40132536721326345
2234,0.4013833331612888
2235,0.4013804361190063
2236,0.4014327659321618
2237,0.4014816301722622
2238,0.4014919595655836
2239,0.4015625639692053
2240,0.4015715720486991
2241,0.4016403769341347
2242,0.40165489894946116
2243,0.4017193452183353
2244,0.4017415043126326
2245,0.401800745392657
2246,0.40188380884754704
2247,0.4019045996764
2248,0.40196625861467716
2249,0.40198316947461893
2250,0.4020413418940536
2251,0.40205353154130224
2252,0.40210397498952144
2253,0.402087657961624
2254,0.4021087351497325
2255,0.40214890258218794
2256,0.4021546597423759
2257,0.4021871393291391
2258,0.40219245328344105
2259,0.40224693247355703
2260,0.4022471353519962
2261,0.4022939243589983
2262,0.4022996129248285
2263,0.4022976802607781
2264,0.4022834830631473
2265,0.40232256839567027
2266,0.40236246775857876
2267,0.40234699749614966
2268,0.4023412512142005
2269,0.4023435287523644
2270,0.4023749145589363
2271,0.40238223817689456
2272,0.4024030447838719
2273,0.40237917217652963
2274,0.40242565334096614
2275,0.4024274729338823
2276,0.402412037956329
2277,0.4024290036610738
2278,0.40242535384757405
2279,0.40245448809488626
2280,0.4024264666180537
2281,0.402441298621602
2282,0.40242128077267625
2283,0.4024478497222761
2284,0.4024559449133271
2285,0.40240911819310055
2286,0.4024335627098628
2287,0.40241359009537947
2288,0.4024279641954707
2289,0.4024155434076831
2290,0.4024449639950702
2291,0.4024271116771662
2292,0.40245232353724275
2293,0.4024014785543395
2294,0.4024028747852748
2295,0.4024030176176706
2296,0.40235601033277135
2297,0.4023916220347531
2298,0.40234174021172986
2299,0.402328569795743
2300,0.40230791176861247
2301,0.40232890780850383
2302,0.4022795490319136
2303,0.4022714157877247
2304,0.4022724376953882
2305,0.40225475327727994
2306,0.40228445014783254
2307,0.40227342147695905
2308,0.4022848198107821
2309,0.402229397327018
2310,0.4021955881798934
2311,0.40213236656562656
2312,0.4021417247337249
2313,0.4021349184532247
2314,0.4020945744229906
2315,0.4021151108958443
2316,0.4020632223666931
2317,0.40204487533427613
2318,0.4020219950013927
2319,0.4020053312175758
2320,0.40195109065885004
2321,0.40196254377512275
2322,0.4019199203860846
2323,0.401885168777247
2324,0.40191024011638
2325,0.4018738721125512
2326,0.40186843553834295
2327,0.40178392406830465
2328,0.40179581583157586
2329,0.4016941167004993
2330,0.4016978038174601
2331,0.40161184960213825
2332,0.4016032328439878
2333,0.40158804926090425
2334,0.40151948988109
2335,0.401514201101744
2336,0.4014235671737948
2337,0.4013998599347347
2338,0.4013273818944324
2339,0.40125332061669
2340,0.4011612918495545
2341,0.40117293358133577
2342,0.40108019116893656
2343,0.4010603481829362
2344,0.4009983959908164
2345,0.40091564243816735
2346,0.4008729992336673
2347,0.4007846403266081
2348,0.4007424874939841
2349,0.4006456773826036
2350,0.4006191116316987
2351,0.400537921660656
2352,0.400461278049563
2353,0.40042177224099335
2354,0.40032201751819424
2355,0.4002630519149292
2356,0.4001707610870434
2357,0.4001444410965447
2358,0.4000559279938031
2359,0.40001381875048275
2360,0.3998998286351033
2361,0.3998923299075826
2362,0.3998487068708837
2363,0.39975682832336323
2364,0.3997059880058206
2365,0.3995963953693439
2366,0.39958253512438147
2367,0.3994686196794436
2368,0.3994272789207394
2369,0.3994891920160781
2370,0.3994329065423695
2371,0.399475352841053
2372,0.3994272042024519
2373,0.3993354460195524
2374,0.3993827224477824
2375,0.3993338579226311
2376,0.3993346780308179
2377,0.3992612584838034
2378,0.3992887219498523
2379,0.3992133627319828
2380,0.3992468654503565
2381,0.3991458021197074
2382,0.3990601163532877
2383,0.399064653081023
2384,0.3989698121164928
2385,0.39898603966590745
2386,0.3988985394037536
2387,0.3989244229129171
2388,0.39880930000634146
2389,0.3988219441247507
2390,0.3987129708156814
2391,0.3987280456528381
2392,0.3987190478341439
2393,0.3987108585372409
2394,0.39873593321241174
2395,0.3988365456766187
2396,0.3988419377379505
2397,0.3988545295104311
2398,0.398870312166522
2399,0.398923272386207
2400,0.3989290250818563
2401,0.398987915446807
2402,0.3990555482976129
2403,0.3990712287924341
2404,0.3990845029973143
2405,0.3990977672122065
2406,0.39915009984899774
2407,0.39917369403192576
2408,0.3992438877489208
2409,0.3992654388215303
2410,0.39933076665828376
2411,0.3993841067194304
2412,0.3993618251732282
2413,0.3993932414717357
2414,0.3994107224707924
2415,0.3994122976139135
2416,0.3994321409113389
2417,0.3994634823529836
2418,0.3994678151403086
2419,0.3995375972233664
2420,0.3996085166780606
2421,0.39959495748225826
2422,0.3996503482319023
2423,0.3996664889139225
2424,0.3996893476543907
2425,0.3996856753719627
2426,0.3997306612625146
2427,0.3997277684259973
2428,0.3997478026405613
2429,0.3997496473663244
2430,0.3997838759190086
2431,0.3997983397813919
2432,0.3997914830368643
2433,0.3998031714587245
2434,0.3997801516986388
2435,0.3998233671614458
2436,0.3997893267873605
2437,0.3997734284272446
2438,0.3997693524314686
2439,0.3998172252652198
2440,0.3998390999932507
2441,0.3998483755758104
2442,0.3998541067396283
2443,0.3998504039542356
2444,0.399822746258841
2445,0.3997966794151437
2446,0.3998271428123207
2447,0.399808940742364
2448,0.3998005552934383
2449,0.3998317651278715
2450,0.3997971268021154
2451,0.3998189132608257
2452,0.3997972264381628
2453,0.3998150821284835
2454,0.3998020200852875
2455,0.3998120391823975
2456,0.3997927342824708
2457,0.3998250204869096
2458,0.3998033828914377
2459,0.3997692676022432
2460,0.3997925474086466
2461,0.399762363882861
2462,0.3997633997302229
2463,0.39975352010294296
2464,0.3997596237069518
2465,0.3997201507912188
2466,0.3997313225517275
2467,0.3996985066850431
2468,0.3997116222766773
2469,0.3996928390358782
2470,0.3996460802714013
2471,0.3996553124032127
2472,0.3996361819944746
2473,0.39962987893492946
2474,0.3996142653479451
2475,0.3995940074392837
2476,0.3995826843675333
2477,0.3995771847018707
2478,0.3995596758272555
2479,0.3995526387863606
2480,0.399548317427993
2481,0.3995149690333424
2482,0.399492478677166
2483,0.3994665238228599
2484,0.3994645580845714
2485,0.3994347682867576
2486,0.399448267411035
2487,0.3994304774316936
2488,0.3994169465500316
2489,0.3994072841447559
2490,0.3993663860315814
2491,0.3993343855969506
2492,0.3993047208967467
2493,0.3993082103484381
2494,0.3992701050597916
2495,0.3992404966281573
2496,0.3992132185656018
2497,0.3992086554913555
2498,0.3992044802409384
2499,0.39914726551577
2500,0.3991492616452349
2501,0.3990944142737113
2502,0.3990730075725862
2503,0.3990259037463652
2504,0.3989972478415715
2505,0.398950972885461
2506,0.39893386407533016
2507,0.3988841976067066
2508,0.3988613790111369
2509,0.398841257054206
2510,0.3987706289079305
2511,0.3987279804103539
2512,0.3986608866870615
2513,0.3985991933839864
2514,0.3985348695402224
2515,0.3985126114663263
2516,0.3984361470483904
2517,0.3983860750047363
2518,0.3983215399488158
2519,0.3982417950354995
2520,0.3981826954894112
2521,0.3981125861261863
2522,0.3980520512955012
2523,0.3979671874260846
2524,0.3978781970548108
2525,0.3977881289502253
2526,0.39770763499076495
2527,0.3976146509560135
2528,0.3975411181525364
2529,0.3974178653198863
2530,0.3973281230361412
2531,0.397399038298904
2532,0.3973283464033324
2533,0.397353304430713
2534,0.397250448360303
2535,0.397215519747397
2536,0.3971279451847362
2537,0.3970521754239171
2538,0.3969688869982964
2539,0.3968690043074857
2540,0.39694663841542416
2541,0.3970643786830631
2542,0.39711277820401814
2543,0.3971906206794961
2544,0.3972400748236874
2545,0.3972853398511088
2546,0.3973445395745846
2547,0.3974006784593053
2548,0.3974575318145749
2549,0.3975000167306411
2550,0.3975356870793251
2551,0.3975845189211487
2552,0.3976118485545413
2553,0.3976372763880584
2554,0.3976529014073762
2555,0.3976925917982608
2556,0.3977375187761091
2557,0.3977358011690986
2558,0.3977874436543713
2559,0.3977797009251531
2560,0.39780012482968424
2561,0.39781077544589
2562,0.3978443055932986
2563,0.3978605594651063
2564,0.3978970472027451
2565,0.3979173939557188
2566,0.39796507437073175
2567,0.3979981160514442
2568,0.397998940518783
2569,0.3980472886053393
2570,0.39803949283328305
2571,0.3980563815404168
2572,0.3980683991680574
2573,0.3980863866048015
2574,0.3980920358322394
2575,0.3981226962486953
2576,0.39809735207706015
2577,0.3981119452528368
2578,0.3980787919382637
2579,0.3980911434080214
2580,0.398119510534711
2581,0.3981143310406981
2582,0.3981426692898929
2583,0.3981378583696303
2584,0.3981297019288979
2585,0.3981609789498592
2586,0.3981639757032666
2587,0.3981673420380034
2588,0.3981666190568746
2589,0.39819709438956774
2590,0.3981997036399989
2591,0.3981696521159117
2592,0.3981856238158153
2593,0.398213451448246
2594,0.3982253191855892
2595,0.398209756484045
2596,0.3982275434512639
2597,0.3982393933188116
2598,0.3982330973454013
2599,0.3982330960422584
2600,0.3982393826726029
2601,0.3982456649216037
2602,0.3982670965021079
2603,0.3982515666656777
2604,0.3982774122982203
2605,0.3982962253392424
2606,0.3982688937456171
2607,0.3982902779475868
2608,0.3982909957243862
2609,0.39831309416759214
2610,0.39832080561429134
2611,0.3983170923332532
2612,0.3982872372923327
2613,0.3982820652231984
2614,0.398293086841464
2615,0.398296376591523
2616,0.3982842213352288
2617,0.3982658261888202
2618,0.398262140241315
2619,0.3982151183438119
2620,0.3982276055774011
2621,0.3981931077133894
2622,0.3982044921811984
2623,0.3982122014585335
2624,0.3981601501648631
2625,0.398139650478823
2626,0.3981242935068835
2627,0.3981155385627665
2628,0.3981005667179919
2629,0.3981028034515493
2630,0.3981097938522385
2631,0.3980805800403731
2632,0.3980641794026598
2633,0.3980693475400407
2634,0.3980675724367445
2635,0.398067989227038
2636,0.3980811799488263
2637,0.3980815920815961
2638,0.3980743450369522
2639,0.3980492387875619
2640,0.3980358119011083
2641,0.398022758540579
2642,0.3980006097987207
2643,0.3979952220896932
2644,0.397960725565223
2645,0.3979353470129582
2646,0.39793507698171265
2647,0.3979122697457523
2648,0.3978851176506344
2649,0.3978721505041518
2650,0.3978719009786886
2651,0.397855317784588
2652,0.3978536224285272
2653,0.39782254882190854
2654,0.39780382403724523
2655,0.397747780340887
2656,0.3977019196264363
2657,0.397691221579105
2658,0.3976602562072212
2659,0.3976615223676923
2660,0.39763312147806934
2661,0.3976289705524287
2662,0.3975742097841857
2663,0.397509006074709
2664,0.3975020089323665
2665,0.3974466259002249
2666,0.3974190769926231
2667,0.3973489651566509
2668,0.3973120881695742
2669,0.3972525184908629
2670,0.3972535479295323
2671,0.3972030484422087
2672,0.3971868028417739
2673,0.397119437517031
2674,0.3970683154105615
2675,0.3970467327544909
2676,0.3969762476954457
2677,0.3969543501403378
2678,0.3968638175386668
2679,0.396855624389946
2680,0.3967759633071883
2681,0.3967577508008827
2682,0.3967797477877825
2683,0.3968512406580737
2684,0.3968437835584232
2685,0.3968603519543998
2686,0.3968389203729209
2687,0.3968630016942709
2688,0.3968337059783202
2689,0.39675538445193614
2690,0.3967318695044005
2691,0.3967877884048319
2692,0.3968518946517379
2693,0.3968079984699673
2694,0.39681952143722465
2695,0.39679209928056
2696,0.3968207594898167
2697,0.3968029947725844
2698,0.39679880184969
2699,0.3967667883734004
2700,0.3967968416222986
2701,0.3967844567070235
2702,0.3968372876943268
2703,0.3968530386637054
2704,0.3968235581890612
2705,0.3967994366177096
2706,0.3967877847265132
2707,0.3968077967881669
2708,0.396770550352465
2709,0.3968083250581477
2710,0.3967703945194313
2711,0.3968205734567171
2712,0.3968178162697941
2713,0.3967997992057537
2714,0.3968169190733657
2715,0.3967520987196632
2716,0.3967720575229013
2717,0.3967611687438669
2718,0.3967871334139399
2719,0.3967645603229329
2720,0.39679829423901064
2721,0.3968171413931589
2722,0.3967867998682599
2723,0.3968109420369035
2724,0.3967728463238271
2725,0.3967439645590795
2726,0.3967098027978337
2727,0.3967339344347957
2728,0.3966881500908462
2729,0.3966868621446119
2730,0.3966442999121631
2731,0.39663385743863266
2732,0.3966459837172666
2733,0.396620394800377
2734,0.3966113799386128
2735,0.3965914543094814
2736,0.3965849189685915
2737,0.3965329924145362
2738,0.3965208512696002
2739,0.3964911354623892
2740,0.3965138172393564
2741,0.3965224277965292
2742,0.3964853661575545
2743,0.3965020559771627
2744,0.3964457200422985
2745,0.396454339365319
2746,0.3964212096734391
2747,0.3964403502473109
2748,0.3963711429974448
2749,0.3963752176866786
2750,0.3963862954681963
2751,0.3963378378097981
2752,0.3963356176493474
2753,0.3962735628683199
2754,0.39625842154944346
2755,0.3962114700424454
2756,0.3961970575060082
2757,0.3961197577868542
2758,0.39610992440701814
2759,0.3960445778549877
2760,0.3960274441839556
2761,0.3960092749706579
2762,0.3959583293618683
2763,0.395959371957316
2764,0.3959004603240753
2765,0.3958666753815218
2766,0.3957848440979442
2767,0.3957681799526732
2768,0.3957000111489278
2769,0.3956945191546437
2770,0.3956664215246054
2771,0.3956018324797902
2772,0.395595333388777
2773,0.3955176073730531
2774,0.3954868241364461
2775,0.3954067549238578
2776,0.3953381925166291
2777,0.3952571835164792
2778,0.3952105668006704
2779,0.3951154367812
2780,0.3950820672331135
2781,0.3950338200042701
2782,0.394953044704338
2783,0.3948951750721169
2784,0.3947978835878028
2785,0.3947272987467179
2786,0.3946308177282818
2787,0.3945807334023201
2788,0.3944892031208513
2789,0.3944226108851335
2790,0.3943622794286977
2791,0.3942643501535733
2792,0.3943725810693624
2793,0.3942691958737822
2794,0.3943607967368996
2795,0.39426265912079456
2796,0.394335898518518
2797,0.3944236107824038
2798,0.3944740167101137
2799,0.3944775602260811
2800,0.394572360211372
2801,0.3945555698592556
2802,0.3945965787498996
2803,0.39456844537205704
2804,0.3945970473454683
2805,0.3945940176502022
2806,0.3946133175727883
2807,0.3945515664720169
2808,0.3945749850023298
2809,0.394515690128219
2810,0.39459570285593026
2811,0.3946060533072563
2812,0.3946760427128084
2813,0.3946873899124956
2814,0.3947377810088424
2815,0.3947206796324193
2816,0.3947751338242494
2817,0.3947628238370115
2818,0.3948254378630988
2819,0.3948442400726915
2820,0.3948404682704322
2821,0.3948920590674761
2822,0.3948793936339793
2823,0.3949008857914461
2824,0.3949209986234276
2825,0.3949602090772943
2826,0.394951975523637
2827,0.3949730754450945
2828,0.3950023436215406
2829,0.395011486321061
2830,0.39503970092819496
2831,0.3950331605537446
2832,0.39501947511174335
2833,0.39501805011670854
2834,0.3950605128369457
2835,0.3950233670016532
2836,0.395034521380792
2837,0.3950436294697777
2838,0.395051033020033
2839,0.3950774508994095
2840,0.3950546229299097
2841,0.3950908641161985
2842,0.3950697441434628
2843,0.3950791622656774
2844,0.395077046792937
2845,0.3950779830479481
2846,0.3950467312580052
2847,0.3950520789693741
2848,0.3950550531812909
2849,0.3950343326743886
2850,0.3950420470730741
2851,0.395008829710766
2852,0.395027704483322
2853,0.395008034303862
2854,0.3950005407972697
2855,0.3949829187056584
2856,0.3950007624925942
2857,0.3949956416175382
2858,0.3949908614303946
2859,0.3949793378874771
2860,0.394961414764481
2861,0.3949283339370569
2862,0.3949111119881491
2863,0.3949208499297839
2864,0.3949093665790481
2865,0.3949042865493001
2866,0.3948931523826598
2867,0.3949136474157685
2868,0.3948759509640583
2869,0.3948392869085124
2870,0.3948355803683546
2871,0.3947939137321435
2872,0.3948086941004177
2873,0.3947898927495808
2874,0.3947942603940788
2875,0.39476910154115624
2876,0.3947624046833565
2877,0.3947627527357439
2878,0.3947235519826134
2879,0.3947162051852052
2880,0.3947055137053912
2881,0.3946954986029344
2882,0.3946931880474687
2883,0.3946801719657961
2884,0.3946454228456589
2885,0.39463844814486504
2886,0.3946384971991385
2887,0.3946138196330662
2888,0.39460385494089323
2889,0.3945938965134684
2890,0.3945926233096405
2891,0.39458100638421134
2892,0.3945820728791283
2893,0.39457580235852535
2894,0.3945722026406557
2895,0.3945446114260875
2896,0.3944870553776831
2897,0.394401228441499
2898,0.3943677224310234
2899,0.3943638566293819
2900,0.3943490145203219
2901,0.394333849127122
2902,0.3943097166406457
2903,0.3943158435543976
2904,0.394281765132534
2905,0.394271289447502
2906,0.3942531838088657
2907,0.39419260488569224
2908,0.3941828292200776
2909,0.3941647674248413
2910,0.3941264906042324
2911,0.3940713327964883
2912,0.3940228365488894
2913,0.3939915953949967
2914,0.3939855401108081
2915,0.3939400964507643
2916,0.3939122196621304
2917,0.3938714587966412
2918,0.393821794514732
2919,0.3938012527112636
2920,0.3937205770386709
2921,0.3937020603943139
2922,0.3936462362819901
2923,0.3936188394863375
2924,0.3935676970394939
2925,0.3935122972987903
2926,0.3934645177711555
2927,0.3934068766392866
2928,0.3933677288349166
2929,0.3932979627362281
2930,0.3932453677022028
2931,0.39319511017156
2932,0.3931481754097879
2933,0.393080539335436
2934,0.3930050504670971
2935,0.3929388157363865
2936,0.3928703209018743
2937,0.3928143559447759
2938,0.3927495558272937
2939,0.3926772425359319
2940,0.3926033324684819
2941,0.3925281553230229
2942,0.3924412138598609
2943,0.3923913864569439
2944,0.3923101152614739
2945,0.3922528200834244
2946,0.39218867972459
2947,0.3921006688020986
2948,0.3920094378458716
2949,0.3920681756787159
2950,0.3919655616710037
2951,0.3919856750795493
2952,0.3920515556911524
2953,0.3920768614679412
2954,0.392147247599908
2955,0.3921414752572473
2956,0.3921422378095824
2957,0.3921361442314028
2958,0.3921489828657895
2959,0.39219541693525345
2960,0.3921782254359429
2961,0.3922370099024918
2962,0.3922322029428945
2963,0.3922306571125037
2964,0.3922525634486488
2965,0.3922581761242072
2966,0.3922520674298228
2967,0.39224856560924465
2968,0.3923179297925493
2969,0.3923147366719752
2970,0.392343402597305
2971,0.3923437789369329
2972,0.3924023049739628
2973,0.3923893493971996
2974,0.3924354876314411
2975,0.3924689405520184
2976,0.3924734982501166
2977,0.3925257296845817
2978,0.392529944049548
2979,0.39256527122900786
2980,0.3925672035281953
2981,0.3926125382431989
2982,0.3926189890976933
2983,0.3926591004593739
2984,0.3926910976124432
2985,0.3926764933167392
2986,0.3926952061194837
2987,0.3927035627194361
2988,0.39272904227118094
2989,0.392725107373245
2990,0.3927508872357361
2991,0.3927308059290147
2992,0.3927617314576835
2993,0.39277779648454214
2994,0.3927741767288006
2995,0.3928005458006581
2996,0.3927750033641398
2997,0.3927807325257779
2998,0.3927690635433484
2999,0.3927680282670548
3000,0.39275894574378584
3001,0.3927662810715737
3002,0.3927623522244808
3003,0.39275649613956454
3004,0.3927850439541276
3005,0.3927830420001207
3006,0.3928192748746314
3007,0.3928124467714222
3008,0.3928110812125511
3009,0.3927904576909963
3010,0.39279102445424896
3011,0.392759192830515
3012,0.392780290848896
3013,0.3927895152001221
3014,0.39278174946942723
3015,0.39276822195169
3016,0.392751500024746
3017,0.3927744871598946
3018,0.3927542536875821
3019,0.3927522693841961
3020,0.3927362131291576
3021,0.3927243231736185
3022,0.3927207509746131
3023,0.3926983283034667
3024,0.3927200009073718
3025,0.39270653410594
3026,0.3926943523075507
3027,0.39268313520233883
3028,0.3926824526050879
3029,0.3926693324927187
3030,0.3926466556844544
3031,0.3926137935410377
3032,0.3926080333461686
3033,0.3926035506543122
3034,0.3925911103822256
3035,0.3925996859390039
3036,0.3925668894624778
3037,0.3925694222885749
3038,0.3925652755268689
3039,0.3925722578086854
3040,0.3925493626940128
3041,0.392543954696085
3042,0.3925401379165514
3043,0.3925134637128783
3044,0.3925087056667566
3045,0.3924779324078112
3046,0.3924655746615379
3047,0.3924376868278608
3048,0.392430736968159
3049,0.3924196716955551
3050,0.3924206509661211
3051,0.3923953446132766
3052,0.3923754353052677
3053,0.3923795907677041
3054,0.392347992245795
3055,0.3923031285825504
3056,0.39226619620897935
3057,0.3922454060573344
3058,0.3922306319447881
3059,0.3922146030828188
3060,0.3921856366651823
3061,0.3921740499758563
3062,0.3921287028843997
3063,0.3920855910856922
3064,0.3920857122017339
3065,0.3920278213533318
3066,0.3919825721222754
3067,0.3919307329890088
3068,0.3918949886889713
3069,0.3918554869724141
3070,0.3918138051697213
3071,0.39179197311630054
3072,0.3917541101944962
3073,0.3916951992024989
3074,0.39164764092941584
3075,0.3916224250852396
3076,0.3915642345395143
3077,0.39153780122512655
3078,0.3914755888463829
3079,0.3914407215839757
3080,0.3913807716782631
3081,0.3913114464129301
3082,0.39126035041895746
3083,0.39119987975106174
3084,0.3911657699186104
3085,0.3910928314509366
3086,0.3910315242780246
3087,0.3909592947510403
3088,0.3908789697436646
3089,0.3908227854927993
3090,0.39075568617417666
3091,0.3908087052458877
3092,0.3907353998031503
3093,0.3907883911256385
3094,0.39070139119685454
3095,0.390788897243279
3096,0.3907000784852779
3097,0.3907583189667515
3098,0.3908021723817924
3099,0.3908634676524039
3100,0.390822137028148
3101,0.3908484751467936
3102,0.3909081420406885
3103,0.3909335055943478
3104,0.3909946690966543
3105,0.3910143891275293
3106,0.3910403223774983
3107,0.3910559727946457
3108,0.3910968085954684
3109,0.3911295358978888
3110,0.3911597572659949
3111,0.391198351278741
3112,0.3912049252387136
3113,0.3912288866259506
3114,0.3912314121767085
3115,0.3912789391256595
3116,0.3912857932418443
3117,0.3913062908897941
3118,0.3913038310664017
3119,0.3913094321037184
3120,0.3912951974656744
3121,0.3913088517683377
3122,0.3913268337555897
3123,0.3913280872911295
3124,0.3913355300151419
3125,0.3913377086123124
3126,0.3913405045488942
3127,0.391347318555738
3128,0.3913751481748244
3129,0.3913875108454765
3130,0.3913844203572025
3131,0.3913933757859406
3132,0.3913909030838969
3133,0.3913862713928509
3134,0.3913628216690784
3135,0.3913881191962237
3136,0.3913945929906777
3137,0.3913952062863705
3138,0.3914025986208758
3139,0.3914186123208977
3140,0.3914118274385881
3141,0.3914028914074057
3142,0.3914025781971742
3143,0.39137857396397585
3144,0.3913911859838576
3145,0.3913948735605489
3146,0.3913853411100792
3147,0.3913917936657923
3148,0.3913908696171037
3149,0.3913816541764037
3150,0.3913696809350265
3151,0.3913850303941806
3152,0.3913706090318552
3153,0.3913733728592952
3154,0.3913580436092258
3155,0.3913448689843684
3156,0.3913298632748218
3157,0.3913363108653592
3158,0.391312128948887
3159,0.3913145972030264
3160,0.3913048212526807
3161,0.3912929091002569
3162,0.3912956861126659
3163,0.3912715522265285
3164,0.3912676079955259
3165,0.39126733322886015
3166,0.3912508668038602
3167,0.3912457100909599
3168,0.39123811379104384
3169,0.391243341299827
3170,0.3912153064875977
3171,0.39119643889702
3172,0.3911577607399741
3173,0.3911636130149307
3174,0.39113106246171025
3175,0.3911018818705306
3176,0.3910861191307959
3177,0.3910761505019808
3178,0.3910698402002797
3179,0.3910492317884295
3180,0.3910316771576544
3181,0.3910037929623268
3182,0.3909665003029225
3183,0.3909523269092239
3184,0.3909007908183458
3185,0.3908687232038808
3186,0.390834852049697
3187,0.3908328729519094
3188,0.3908202739826004
3189,0.39080555864902905
3190,0.3907905484368087
3191,0.39077524360385774
3192,0.3907644938100994
3193,0.3907404183446067
3194,0.3907209001432055
3195,0.3906547601495795
3196,0.3906470825840716
3197,0.3905794892407786
3198,0.3905415827930819
3199,0.3905088394410789
3200,0.3904540430633499
3201,0.3904325263828751
3202,0.3903705314472792
3203,0.3903575080622698
3204,0.3903118777491805
3205,0.3902861982770863
3206,0.3902523847425409
3207,0.3902113493556967
3208,0.3901935618763874
3209,0.3901172882014396
3210,0.3900892875182666
3211,0.390159541082231
3212,0.3901240148484821
3213,0.3901321772886922
3214,0.3900966797588118
3215,0.390139457216423
3216,0.390094350758926
3217,0.39011003111884734
3218,0.3901347238414895
3219,0.3900896594841343
3220,0.390120052664443
3221,0.3900756202340961
3222,0.3900270080725607
3223,0.3899772223433598
3224,0.3899974028849845
3225,0.3899236490781379
3226,0.389937831886138
3227,0.3899616032590539
3228,0.3898933219146885
3229,0.3899024047768381
3230,0.3898320827127243
3231,0.3898567518397143
3232,0.3897792974458575
3233,0.3897476874672287
3234,0.3896736001087222
3235,0.3897015720337215
3236,0.3897038071741037
3237,0.3896217252554108
3238,0.389642511923
3239,0.3895575071859422
3240,0.3895579850210559
3241,0.3894820123938214
3242,0.3895069903066023
3243,0.3894200337340247
3244,0.38943277991490655
3245,0.3894729603201406
3246,0.3894668992881278
3247,0.3894593511675132
3248,0.3894836941374058
3249,0.3894689960941313
3250,0.3894951089660699
3251,0.3895155501431098
3252,0.38952943153955866
3253,0.38953586609729296
3254,0.3895580631765257
3255,0.3895769766061595
3256,0.3895825011249579
3257,0.3895895085945943
3258,0.3895846273887642
3259,0.3895607389636894
3260,0.389558837573672
3261,0.3895616868984869
3262,0.3895571155109543
3263,0.3895617436450618
3264,0.3895702248440808
3265,0.389559428823326
3266,0.3895521957594167
3267,0.389528372612779
3268,0.3895229293258345
3269,0.3895290388123129
3270,0.3895259670620746
3271,0.389537695583416
3272,0.3895207168972152
3273,0.3895330314045829
3274,0.3895329193437876
3275,0.389533102965164
3276,0.3895303311627695
3277,0.3895207656762757
3278,0.3894872815919961
3279,0.3894836383035237
3280,0.38947261749054496
3281,0.3894692752474626
3282,0.3894435143243902
3283,0.3894325136706422
3284,0.3894150328025614
3285,0.3894102356640659
3286,0.3894048518673864
3287,0.3893991764817633
3288,0.3893982159787292
3289,0.3893890128989462
3290,0.389372457168053
3291,0.3893785657535379
3292,0.3893461391507885
3293,0.3893069673458065
3294,0.3892922160675126
3295,0.3892883463387938
3296,0.3892794843350057
3297,0.3892753264627584
3298,0.3892221370472626
3299,0.3892182899066831
3300,0.3892041743896738
3301,0.3891938802916316
3302,0.3891451734916046
3303,0.3891349006121719
3304,0.3891003063012114
3305,0.3890625079240476
3306,0.3890566592046513
3307,0.3890194799277728
3308,0.38901364568504243
3309,0.3889884986309845
3310,0.38896746154456746
3311,0.3889212814440965
3312,0.3889005663408202
3313,0.3888363064198998
3314,0.388788154882382
3315,0.3887785938661061
3316,0.3887112089475431
3317,0.3886923298378738
3318,0.388641644501909
3319,0.38862746319796465
3320,0.3885619461844712
3321,0.3885448771626284
3322,0.3886176160150708
3323,0.388587718152614
3324,0.3886638884624859
3325,0.3887184726642184
3326,0.38867838282971895
3327,0.3887236153499351
3328,0.3887074131214154
3329,0.3887671597055227
3330,0.38874252052751324
3331,0.3887763431746295
3332,0.3887435763499679
3333,0.3887904568180647
3334,0.3888288862095187
3335,0.3888002009471656
3336,0.3888502200280879
3337,0.3888192238150563
3338,0.3888631148283285
3339,0.3888283619486275
3340,0.3888716450373578
3341,0.3888195137118883
3342,0.3888610347232328
3343,0.3888825387736221
3344,0.3888521768112043
3345,0.3888725121918651
3346,0.3888389856907227
3347,0.3888645224597957
3348,0.3888229155884753
3349,0.3888513342894439
3350,0.3888002118226349
3351,0.3888234159770715
3352,0.388771174168516
3353,0.38877934770972944
3354,0.3887788513384358
3355,0.38871107288794426
3356,0.388710594077416
3357,0.3886570134590437
3358,0.3886787642219744
3359,0.38859955229342
3360,0.388577187794634
3361,0.38850900139474415
3362,0.3885056926401399
3363,0.3885268739744139
3364,0.3884489669040299
3365,0.3884557537561091
3366,0.3884976543890982
3367,0.3885006841000617
3368,0.3885178085806844
3369,0.3885234198522895
3370,0.38854541649241864
3371,0.38856280232142465
3372,0.3885548919579961
3373,0.388568243638376
3374,0.3885643570460563
3375,0.38857281792387266
3376,0.3885540074309881
3377,0.38856447459429505
3378,0.3885626014005107
3379,0.3885690455829633
3380,0.3885700392060582
3381,0.3885678796242135
3382,0.3885536872000347
3383,0.3885483821068063
3384,0.3885545342410667
3385,0.3885561026320083
3386,0.3885591011534743
3387,0.388563242513127
3388,0.388571100043885
3389,0.3885617964394184
3390,0.3885742236896797
3391,0.3885606378695386
3392,0.3885413452923768
3393,0.38853920031915123
3394,0.3885262060169102
3395,0.3885334861465768
3396,0.3884865410349712
3397,0.3884898328016668
3398,0.3884882741972583
3399,0.3884944149532319
3400,0.3884580801150244
3401,0.3884499765240679
3402,0.388457261121016
3403,0.3884346373259209
3404,0.3884288243152603
3405,0.3883897112960821
3406,0.3883767987885031
3407,0.3883439796150091
3408,0.3883316546703696
3409,0.3883099538412384
3410,0.388308445377592
3411,0.3882708500084304
3412,0.3882196391493293
3413,0.3882158825065617
3414,0.38818203315191924
3415,0.3881799909921266
3416,0.3881348198006294
3417,0.3880910910427761
3418,0.3880598635242077
3419,0.3880575705332421
3420,0.3880221176758355
3421,0.3879889504790461
3422,0.3879875268479357
3423,0.3879594844371444
3424,0.3879560871823316
3425,0.3879023131464572
3426,0.38790119556026
3427,0.38785086002883135
3428,0.3878539976021287
3429,0.387819533777232
3430,0.3877539995523133
3431,0.3877387930493786
3432,0.3876744458040654
3433,0.3876666095986709
3434,0.3875915890824679
3435,0.3875868822773616
3436,0.3876405819224368
3437,0.3876214803606412
3438,0.3876830366625675
3439,0.3876644992248048
3440,0.3877316466152149
3441,0.387767484639309
3442,0.3877610537242848
3443,0.38779264044464
3444,0.3877887405215615
3445,0.3878208654376449
3446,0.3878211809840713
3447,0.387858342623551
3448,0.3878479635427613
3449,0.3878752587599616
3450,0.3878786518986584
3451,0.3878649051654352
3452,0.3879129577470799
3453,0.3878815202989074
3454,0.3879093302674024
3455,0.38789418828619626
3456,0.387911598885747
3457,0.3878771118866944
3458,0.3879130232297565
3459,0.3879043447347131
3460,0.387925656647302
3461,0.38795872417384414
3462,0.3879405189169679
3463,0.3879447236704813
3464,0.3879318506785219
3465,0.3879399730729034
3466,0.38791367952347944
3467,0.3879276753312878
3468,0.3879220908886829
3469,0.3879455809593826
3470,0.3879606750116562
3471,0.3879419564270785
3472,0.3879461502292474
3473,0.3879014780977015
3474,0.3879182408970811
3475,0.3878928560827114
3476,0.3878886875872439
3477,0.387871133646889
3478,0.3878856544653975
3479,0.38788734503842226
3480,0.3878594951625291
3481,0.3878600767888432
3482,0.3878347558003936
3483,0.3878475945736714
3484,0.3878378791488761
3485,0.3878598934430193
3486,0.3878320968768099
3487,0.3878410281404673
3488,0.38781102724323147
3489,0.38780189021897576
3490,0.3877844210089922
3491,0.3877622379592375
3492,0.3877622859894411
3493,0.3877376216802904
3494,0.387724351392203
3495,0.38770914544062574
3496,0.3877094837609341
3497,0.3876937351657112
3498,0.3877010090541639
3499,0.38769774542488306
3500,0.3876717591329574
3501,0.38768180278926323
3502,0.3876436480127163
3503,0.3876368022851742
3504,0.3876089218973413
3505,0.3876106673895287
3506,0.3875963653971963
3507,0.3876080701473008
3508,0.3875943297378936
3509,0.3875720269780253
3510,0.3875436559127281
3511,0.387529666236298
3512,0.3875085024792329
3513,0.38749232002402856
3514,0.3874833233285024
3515,0.3874624643235491
3516,0.3874639640171506
3517,0.3874235377583084
3518,0.3874123616553438
3519,0.3873987103017485
3520,0.3873743178164685
3521,0.3873568259278325
3522,0.387328049941947
3523,0.3872959844448458
3524,0.3872446651885595
3525,0.3872481401923993
3526,0.3872100674449858
3527,0.3871912687773383
3528,0.3871865041631773
3529,0.3871613985748637
3530,0.3871508722344059
3531,0.3871150734228378
3532,0.38708973108573186
3533,0.38705479052446334
3534,0.3870286530413857
3535,0.3870041757812338
3536,0.38699617405714426
3537,0.386970620840515
3538,0.386950839642919
3539,0.3869184574708219
3540,0.3868866401347652
3541,0.3868655253783619
3542,0.386824150677672
3543,0.3868085396053896
3544,0.3867844493978516
3545,0.3867529815593603
3546,0.3867152364236361
3547,0.3866895470763374
3548,0.3866682465974231
3549,0.38661004747142264
3550,0.3866065441221968
3551,0.3865623276386671
3552,0.3865386223306469
3553,0.386497996677499
3554,0.3864639445890906
3555,0.3864296370075985
3556,0.38638334025655946
3557,0.3863482522902557
3558,0.3862905455741342
3559,0.3862435020464023
3560,0.38618885029620814
3561,0.3861522120658777
3562,0.3860891665124271
3563,0.3860580192676313
3564,0.3859800549250721
3565,0.3859353401679078
3566,0.3858675166672228
3567,0.3857910218384636
3568,0.3857311573738812
3569,0.3857613270304618
3570,0.3856936189040079
3571,0.3857031268580799
3572,0.3857763906097404
3573,0.3857989113439511
3574,0.3858613375564478
3575,0.3858561358745115
3576,0.3858859469631356
3577,0.38593093691461094
3578,0.3859523053030733
3579,0.3859853233299545
3580,0.3859890456002632
3581,0.3859884295327645
3582,0.3860032581603904
3583,0.3859487338333981
3584,0.385964105446729
3585,0.3859908400492789
3586,0.3860094412563997
3587,0.3860161271947837
3588,0.3860493200398349
3589,0.3860538293824588
3590,0.3860645548691883
3591,0.3860485158558208
3592,0.3860557239281408
3593,0.3860369942189434
3594,0.3860493325224605
3595,0.3860400644939401
3596,0.3860521254679829
3597,0.3860550052617405
3598,0.38605680446832
3599,0.3860675031607136
3600,0.3860687591693899
3601,0.38606812759899123
3602,0.3860653404243565
3603,0.386054741545977
3604,0.3860527670707515
3605,0.3860572561303251
3606,0.3860622813192283
3607,0.3860705334927796
3608,0.3860820101499765
3609,0.3860883703501093
3610,0.3860971475232249
3611,0.3860940914321308
3612,0.3860945308247981
3613,0.3860973882265464
3614,0.3861117948461411
3615,0.386110081335939
3616,0.3861132012481588
3617,0.3861168563938989
3618,0.3861030681768064
3619,0.3860852630232913
3620,0.3860897263492742
3621,0.3860770280792132
3622,0.3860667485878646
3623,0.3860701407831539
3624,0.3860705843835494
3625,0.3860737060308113
3626,0.3860800391698269
3627,0.3860759294745603
3628,0.386066202002507
3629,0.386061027595721
3630,0.3860210849336831
3631,0.3859886494341562
3632,0.3859674578643413
3633,0.3859489494650308
3634,0.3859272441738884
3635,0.3859314594617165
3636,0.3859217866213848
3637,0.3859041096125636
3638,0.3858787014841851
3639,0.3858738515806306
3640,0.3858676703408868
3641,0.3858449579154507
3642,0.385843052500761
3643,0.38582195719371265
3644,0.3858115311798328
3645,0.3857899216983012
3646,0.3857835036181019
3647,0.385767237308066
3648,0.3857366051883863
3649,0.38573579305202854
3650,0.3857176885774094
3651,0.3857112958853662
3652,0.3856953339690647
3653,0.3856722026217524
3654,0.38564323612535123
3655,0.3856270371145095
3656,0.38560898686314266
3657,0.3855941321757027
3658,0.3855768956098216
3659,0.3855609946639487
3660,0.3855241401767587
3661,0.3854682050075328
3662,0.38545260719009666
3663,0.38541739799436736
3664,0.3854007600494712
3665,0.3853992344060628
3666,0.38537042353408346
3667,0.3853493074174392
3668,0.3852911337260438
3669,0.3852708413071525
3670,0.38523256402623746
3671,0.38522816963028345
3672,0.3851756399912915
3673,0.3851358286615664
3674,0.385120621765629
3675,0.385091151228426
3676,0.3850751700932374
3677,0.3850251226423781
3678,0.3850202562481289
3679,0.3849475438259741
3680,0.3849379471748026
3681,0.3850410349740027
3682,0.38502852006432864
3683,0.3850220769763333
3684,0.3850464844906961
3685,0.3850294973160527
3686,0.385028065868765
3687,0.3850026616923231
3688,0.3850433771728841
3689,0.3850274618583241
3690,0.3850502500999197
3691,0.38504171025531214
3692,0.3850692189506948
3693,0.3851064460901738
3694,0.3850892224082949
3695,0.3851166984261747
3696,0.38509133402557144
3697,0.38511038706236306
3698,0.385097908874205
3699,0.3851206269533174
3700,0.38509607596051254
3701,0.3851093334267608
3702,0.3851280948798271
3703,0.3851095952688211
3704,0.3851349035011966
3705,0.3851143144505399
3706,0.3851448509122731
3707,0.3851090708279887
3708,0.3851312087054678
3709,0.3851124755750776
3710,0.3851291021010933
3711,0.3850975517397919
3712,0.3851089386149637
3713,0.3851171801037134
3714,0.3850932431141489
3715,0.3851059295905714
3716,0.3850668439774761
3717,0.3850784843576984
3718,0.38503655111187773
3719,0.3849993407312975
3720,0.3849605815794607
3721,0.3849456017052321
3722,0.3849465522262412
3723,0.3849028771947816
3724,0.3848727902172772
3725,0.3848304590097917
3726,0.3848397792017923
3727,0.3847995631830972
3728,0.3847677068417451
3729,0.3847283099392172
3730,0.3847319129700056
3731,0.3846870759469972
3732,0.3846919882723128
3733,0.3846955967708225
3734,0.38465574721214923
3735,0.3846190389150677
3736,0.3845683041299046
3737,0.3845597163933988
3738,0.3845175997673218
3739,0.3845082484126442
3740,0.384448498266546
3741,0.3844321544314589
3742,0.3843927074039804
3743,0.3843449721355748
3744,0.3843419011825099
3745,0.38428538017324454
3746,0.3842755798032229
3747,0.3842281800819299
3748,0.3842152865404632
3749,0.3841658514886159
3750,0.38413872626454304
3751,0.3841085054000203
3752,0.3840433338988523
3753,0.38401988267146797
3754,0.3839503643039733
3755,0.3839235819032133
3756,0.3838587786070285
3757,0.3838410841885839
3758,0.3837685751481784
3759,0.3837224716855898
3760,0.3837746077577181
3761,0.3837393795587789
3762,0.3837036517829974
3763,0.3837198527362502
3764,0.3836942176106272
3765,0.3837060240761571
3766,0.3836721472310384
3767,0.3836798246058097
3768,0.38363952287688824
3769,0.3836487508533286
3770,0.3836089925490225
3771,0.38357672772732
3772,0.3835844167454612
3773,0.383535687745075
3774,0.3835199465467966
3775,0.3834483426782807
3776,0.3834467863175914
3777,0.3833770371848446
3778,0.38336752240201016
3779,0.3833019422836047
3780,0.3833485048176982
3781,0.3833536567494688
3782,0.3833947866108092
3783,0.383391446554229
3784,0.3834148226692256
3785,0.3834207247912181
3786,0.3834312453650667
3787,0.3834335473410304
3788,0.3834884526021257
3789,0.3834845835524059
3790,0.3835345761198054
3791,0.383523006416663
3792,0.3834991378000612
3793,0.3834878382708801
3794,0.3834734696349436
3795,0.383466280001725
3796,0.3834485945251288
3797,0.3834176047769857
3798,0.3834232306643289
3799,0.3833725594377892
3800,0.383302726187242
3801,0.383281519473111
3802,0.3833099262536166
3803,0.38331020100784946
3804,0.3833337312586946
3805,0.383322247956639
3806,0.38333988868683705
3807,0.3833268777158197
3808,0.38334323191763
3809,0.3833549841450683
3810,0.3833514208619924
3811,0.3833450531908793
3812,0.3833409838781496
3813,0.3833631783499848
3814,0.3833478912790719
3815,0.38331783084873344
3816,0.3833094406041622
3817,0.3833132804153654
3818,0.3832763753007513
3819,0.38328353006442945
3820,0.3832863546618769
3821,0.3832734020267659
3822,0.3832805519874855
3823,0.3832698961222136
3824,0.3832861964206532
3825,0.3832666480444232
3826,0.3832783665036177
3827,0.3832677219648469
3828,0.3832692743514863
3829,0.3832751428472399
3830,0.3832510521485241
3831,0.3832617439779092
3832,0.3832485792653265
3833,0.383250133936742
3834,0.3832362176584979
3835,0.3832347317400397
3836,0.383216770244385
3837,0.3832132620628343
3838,0.383181633396336
3839,0.3831728157346455
3840,0.3831678006292731
3841,0.3831539273025718
3842,0.3831461348717342
3843,0.383122911196318
3844,0.3831125999093692
3845,0.3831010289989566
3846,0.3830889579011207
3847,0.3830773980830679
3848,0.383069634427499
3849,0.383050757942698
3850,0.3830195137868565
3851,0.3829913146855564
3852,0.3829744894897249
3853,0.3829508576629698
3854,0.3829221904511596
3855,0.3828864733882314
3856,0.382868679546725
3857,0.3828224025419088
3858,0.3827675769088111
3859,0.3827284018782268
3860,0.38266127923812276
3861,0.3826372604443548
3862,0.3826822517369255
3863,0.3826584921764777
3864,0.3827223331182461
3865,0.3827109065528975
3866,0.3827681630610585
3867,0.382737617898541
3868,0.3827742216263987
3869,0.3828201090202518
3870,0.3827971148692848
3871,0.3828376978892209
3872,0.3827951188302006
3873,0.3827924885607613
3874,0.3827634981348492
3875,0.3827970198328825
3876,0.3827605149265465
3877,0.38279577655102626
3878,0.3828114584840065
3879,0.3827922793539303
3880,0.3827891529613565
3881,0.3827534474220613
3882,0.3827683712493202
3883,0.38273895053556456
3884,0.3826995263838518
3885,0.3826563652258427
3886,0.382693822958641
3887,0.382723505545875
3888,0.3826836238996971
3889,0.3827050399599822
3890,0.382664182096891
3891,0.3826885916192649
3892,0.3826585048133561
3893,0.3826789054820423
3894,0.3826368451663136
3895,0.3826487491085444
3896,0.3825909865156582
3897,0.3826056403463621
3898,0.3826105546231614
3899,0.3825653183365244
3900,0.3825737310163869
3901,0.3825250341824701
3902,0.38252647086722746
3903,0.3824822950558891
3904,0.3824879764649905
3905,0.3824498099783157
3906,0.3824540012945935
3907,0.3824549536969798
3908,0.3824073634235232
3909,0.3823899089566667
3910,0.3823246910125296
3911,0.3823306456288866
3912,0.3822871088044084
3913,0.3822801401534037
3914,0.3822177451959631
3915,0.3822127831264125
3916,0.3821944076398291
3917,0.3821320778635532
3918,0.3821119908590092
3919,0.3821336199411564
3920,0.3821326534138818
3921,0.3821507934282947
3922,0.382156025384033
3923,0.38216844713385706
3924,0.3821573081959813
3925,0.3821672446565392
3926,0.3821558636803316
3927,0.382127887942894
3928,0.38213633719874024
3929,0.38210937011894003
3930,0.38212128529708334
3931,0.3820762661293029
3932,0.382075314911645
3933,0.3820394815763077
3934,0.3820427434606709
3935,0.3820005058511768
3936,0.38197114278371336
3937,0.3819568694468212
3938,0.381916658463084
3939,0.3819093207377388
3940,0.3818814882234194
3941,0.3818741617334379
3942,0.3818229003762138
3943,0.3818227468885425
3944,0.3817544981152596
3945,0.3817074938194504
3946,0.3817036663780221
3947,0.3816562031725558
3948,0.3816622478560813
3949,0.3816259058153674
3950,0.38162899777111664
3951,0.3817044478213232
3952,0.3817030890551635
3953,0.3817711228500997
3954,0.3817571985156036
3955,0.381793229623447
3956,0.3818233402479446
3957,0.3818217115951117
3958,0.3818685206123051
3959,0.3818572963508606
3960,0.3819119387458718
3961,0.38190071065314546
3962,0.381935175105528
3963,0.3819308235075206
3964,0.3819473422954371
3965,0.3819559990714588
3966,0.38194428450491186
3967,0.3819708467507243
3968,0.3819498145033072
3969,0.3819503703489297
3970,0.3819364621407264
3971,0.3819598138603814
3972,0.381937334429273
3973,0.3819435266940734
3974,0.3819396748484265
3975,0.381928234456729
3976,0.3818808153452106
3977,0.3818742877591882
3978,0.3818119786090888
3979,0.3818015552257812
3980,0.381848850290899
3981,0.3818403800224677
3982,0.3818746888620332
3983,0.3818605966886689
3984,0.3818621468405267
3985,0.3818759088163067
3986,0.3818532800220539
3987,0.3818482390558998
3988,0.3818314849522626
3989,0.3818442640003751
3990,0.3818287386864082
3991,0.3818127326919235
3992,0.3818011230279306
3993,0.3818009760641944
3994,0.38181033404541864
3995,0.3817855759891491
3996,0.3817861632400176
3997,0.3817670237485156
3998,0.381770292923505
3999,0.3817458109383734
4000,0.3817566271713346
4001,0.38174067550334456
4002,0.3817378661019087
4003,0.381718035291061
4004,0.3817157183241611
4005,0.381708541152687
4006,0.3816897030623316
4007,0.3816674723309147
4008,0.381636264952467
4009,0.3816213411995387
4010,0.3816081236211727
4011,0.3815997662438045
4012,0.3815814640156487
4013,0.3815663238057679
4014,0.3815606492513802
4015,0.3815355793893376
4016,0.3815282172142195
4017,0.3815063170227064
4018,0.3814924226009915
4019,0.3814816835975072
4020,0.3814651371549039
4021,0.3814551355059313
4022,0.3814390868319708
4023,0.3814443418096996
4024,0.3814171736943367
4025,0.3814154160504741
4026,0.3813848816068392
4027,0.3813831316550572
4028,0.3813668797988437
4029,0.3813658594649675
4030,0.3813276339888904
4031,0.3813273470648388
4032,0.3813072590624635
4033,0.3813043209694399
4034,0.381291729743928
4035,0.3812569443127129
4036,0.3812504003070305
4037,0.381219981756535
4038,0.3812098317861433
4039,0.3811763025544784
4040,0.3811625515144121
4041,0.3811300122428956
4042,0.381110255190077
4043,0.3810986955713989
4044,0.381060414548853
4045,0.3810479081202206
4046,0.3809952163634776
4047,0.380992353965709
4048,0.38094643463464123
4049,0.3809447863493863
4050,0.3809025056178622
4051,0.3808780317270957
4052,0.3808526076019457
4053,0.380806532596759
4054,0.3807691256322401
4055,0.3807019576177881
4056,0.3806756346076353
4057,0.380622920249423
4058,0.3806062253549798
4059,0.3806224061876354
4060,0.3805949258707515
4061,0.3806084635304479
4062,0.38057452629995936
4063,0.38054515832685054
4064,0.3805656458762514
4065,0.3805518658309977
4066,0.3805685099713524
4067,0.3805640746457328
4068,0.3805718505640131
4069,0.3805580824083126
4070,0.38055054177989905
4071,0.3805087953177678
4072,0.380501507794624
4073,0.3805016359792595
4074,0.3804496503861119
4075,0.3804440534518056
4076,0.3804255562914457
4077,0.3804171004852503
4078,0.38040315548315945
4079,0.3804004388436231
4080,0.38035714247830466
4081,0.3803136268451578
4082,0.38031498702854855
4083,0.3802834279963771
4084,0.3802776393302107
4085,0.3802530175283266
4086,0.3802458077536884
4087,0.3802269238518339
4088,0.3802156725997666
4089,0.3801796535995116
4090,0.3801784195791317
4091,0.38012028346681415
4092,0.3800916890015627
4093,0.38008381096113586
4094,0.380056427286106
4095,0.3800459438841721
4096,0.3800219103685688
4097,0.3800047822309577
4098,0.3799581881306617
4099,0.3799520125596792
4100,0.3799125789028336
4101,0.3798551112221551
4102,0.3798513361468791
4103,0.3798024551848717
4104,0.3797975060945666
4105,0.3797353709649575
4106,0.379733047802495
4107,0.3796742761009461
4108,0.3796518109537587
4109,0.3797073520433147
4110,0.37973134551005144
4111,0.3797235758934776
4112,0.379776219795347
4113,0.3797599180831232
4114,0.3797921655748933
4115,0.3797903090456053
4116,0.3798322387724447
4117,0.3798282452132272
4118,0.3798720397718561
4119,0.3798644921993497
4120,0.37991275117332346
4121,0.3799231650084673
4122,0.379915848538692
4123,0.3799220036527029
4124,0.3798993358718117
4125,0.3799158832019607
4126,0.3798757545555315
4127,0.3798908825728007
4128,0.379885235192431
4129,0.3798925676875557
4130,0.3799067379405006
4131,0.3798786863789195
4132,0.3798544197925641
4133,0.3798466650296976
4134,0.3798160532828961
4135,0.3797981784847623
4136,0.3797711246143124
4137,0.37975020590215613
4138,0.379696333081666
4139,0.3796721440838626
4140,0.3796663224186486
4141,0.37968144380919905
4142,0.3796645671056804
4143,0.3796782706943042
4144,0.3796522328787823
4145,0.3796612312641669
4146,0.3796342691507706
4147,0.3796312843127448
4148,0.3796158511082956
4149,0.3796135759957835
4150,0.37959674494237056
4151,0.3795740529424367
4152,0.3795652170083459
4153,0.3795519271030379
4154,0.3795630382436196
4155,0.3795497550163826
4156,0.3795198310230382
4157,0.3795030468308049
4158,0.3794808799800294
4159,0.3794692661268192
4160,0.3794426660356444
4161,0.3794490976976446
4162,0.3794171292022684
4163,0.3794008577891845
4164,0.3793773388819108
4165,0.3793662304856354
4166,0.37933009847243304
4167,0.3793292946348884
4168,0.3792938884814732
4169,0.3792800025943511
4170,0.3792752368056798
4171,0.3792403337998036
4172,0.3792248335164122
4173,0.37916356834497944
4174,0.3791695706544055
4175,0.3791195495328948
4176,0.37909872100436826
4177,0.3790608698768753
4178,0.379051026122862
4179,0.3790507479734296
4180,0.3789742305281326
4181,0.3789653437271244
4182,0.3789767352443632
4183,0.3789690169964122
4184,0.37895594470845584
4185,0.3789477685426705
4186,0.3789563591728536
4187,0.3789507471789874
4188,0.3789383889207139
4189,0.3789441835490518
4190,0.3789355540717113
4191,0.3789401838242888
4192,0.3789185392841465
4193,0.378922473019916
4194,0.3789108349104529
4195,0.3789101216672375
4196,0.3788845545479673
4197,0.3788750223122673
4198,0.3788582968234469
4199,0.3788327580385764
4200,0.3788299729017433
4201,0.3788111800909091
4202,0.3788139676491827
4203,0.3787968101385864
4204,0.3787889341524824
4205,0.3787757302396252
4206,0.3787704113687157
4207,0.3787396088501039
4208,0.3787187801013796
4209,0.3787227398135623
4210,0.3787042394228877
4211,0.3786827378742715
4212,0.37865175733047746
4213,0.3786480917892547
4214,0.3786263852171259
4215,0.37862272651229456
4216,0.3786077401642205
4217,0.378572649796572
4218,0.3785539828803562
4219,0.37851891960059064
4220,0.3784951902821215
4221,0.3784631573301932
4222,0.3784509946800751
4223,0.3784164462559312
4224,0.3784135299519841
4225,0.3783739289949228
4226,0.3783666397895726
4227,0.3783026205558312
4228,0.378242087550591
4229,0.3782332164014913
4230,0.3783216507205542
4231,0.3783182974376049
4232,0.3783723045652485
4233,0.3783537425202247
4234,0.3783863042762432
4235,0.3783709707222396
4236,0.3783982206841056
4237,0.3784277598111331
4238,0.37841794942293056
4239,0.3784444811703033
4240,0.3784335222507358
4241,0.3784322230616395
4242,0.3784100100574858
4243,0.3784202049763013
4244,0.3783973154200818
4245,0.37842059940985734
4246,0.37843698485069466
4247,0.3784223719987693
4248,0.378419241041178
4249,0.3784073919711824
4250,0.3784398235263486
4251,0.378428663812548
4252,0.3784450251097199
4253,0.37843111847199734
4254,0.3784316572072994
4255,0.3784211967856843
4256,0.3784212790827008
4257,0.37843899737893477
4258,0.3784177802739868
4259,0.3784313703436268
4260,0.3784074178844517
4261,0.3783974343323105
4262,0.3783879126190036
4263,0.3783655863686574
4264,0.3783380102111416
4265,0.37829467103504816
4266,0.3782556932419939
4267,0.3782368416066084
4268,0.3782552377386713
4269,0.3782350243246156
4270,0.3782559243879757
4271,0.3782297840484507
4272,0.37823173038295477
4273,0.3782019555379924
4274,0.3782057317648566
4275,0.3781908021821658
4276,0.3781984557328928
4277,0.3782070179952275
4278,0.3781802452611726
4279,0.3781885793697161
4280,0.3781584048996427
4281,0.3781649172672667
4282,0.3781318006725517
4283,0.3781119039408996
4284,0.378089284105766
4285,0.37809056996614415
4286,0.378056588186615
4287,0.37803467723318945
4288,0.3780079996737514
4289,0.3779722385063706
4290,0.3779451308561189
4291,0.3779107620763874
4292,0.3778936766428113
4293,0.3778666030872755
4294,0.37784930707887254
4295,0.3778267959371066
4296,0.3777836361365156
4297,0.3777747659952399
4298,0.3777327706604159
4299,0.3777177894504555
4300,0.3776789997805041
4301,0.37764770957122096
4302,0.3775874143988044
4303,0.3775781419756209
4304,0.3775269520169588
4305,0.3774624172796716
4306,0.3774368679593458
4307,0.3773943458281928
4308,0.3773699535573803
4309,0.37739151996093523
4310,0.377364197439419
4311,0.3773769317167521
4312,0.3773308504148444
4313,0.377331147743797
4314,0.377275148329992
4315,0.3772309267215886
4316,0.3772391532459452
4317,0.37719925154152784
4318,0.3771979933792206
4319,0.3771786688830733
4320,0.37717244809312495
4321,0.3771233404769937
4322,0.3771148766034953
4323,0.3770712176795752
4324,0.3770232911766841
4325,0.37702455061355744
4326,0.3770922584182447
4327,0.3770871916494986
4328,0.3771078201480902
4329,0.3771016259490193
4330,0.3771256214681984
4331,0.3771297869474974
4332,0.3771163869751138
4333,0.37710839565747734
4334,0.37711526261719974
4335,0.3771097503743026
4336,0.3771107646786488
4337,0.3771102040967906
4338,0.3771053711811129
4339,0.3771138047786114
4340,0.3771067256119575
4341,0.3770841436994515
4342,0.3770822409663973
4343,0.3770740496780057
4344,0.3770292570094574
4345,0.3770226514539237
4346,0.3769644208504701
4347,0.3769450391526273
4348,0.3769617888925342
4349,0.3769554268376368
4350,0.3769690272848578
4351,0.3769671510067975
4352,0.3769567571599182
4353,0.37695017767205624
4354,0.3769276921930494
4355,0.37691686503510013
4356,0.3769087300249271
4357,0.3768961200970237
4358,0.3768615765352684
4359,0.3768478624106527
4360,0.3768395244372359
4361,0.3768325322607235
4362,0.37681503068700345
4363,0.3768225815150521
4364,0.3767999476713934
4365,0.3767775468302987
4366,0.3767591777799717
4367,0.3767524341124634
4368,0.3767130816522703
4369,0.3766929509684248
4370,0.3766538509626161
4371,0.3766317318794029
4372,0.3766250206521599
4373,0.376590422432384
4374,0.3765868452325709
4375,0.3765710034823682
4376,0.3765643100989651
4377,0.3765203919178755
4378,0.3764987791010373
4379,0.3764733873645139
4380,0.376460035865816
4381,0.3764228587506016
4382,0.3764709804935993
4383,0.3764518501863307
4384,0.3765008351757689
4385,0.376478814742891
4386,0.3765248805485267
4387,0.3765041997577222
4388,0.376524222256492
4389,0.3765042177538033
4390,0.3765291214444769
4391,0.3765157916814596
4392,0.376552457497171
4393,0.3765986595731823
4394,0.3765757757314595
4395,0.3765786569101653
4396,0.376562890493263
4397,0.376575537896848
4398,0.3765591134248679
4399,0.3765768581282795
4400,0.37655467428278866
4401,0.3765440298888421
4402,0.3765240791029889
4403,0.3765081260741035
4404,0.3764689129327976
4405,0.37642971607874054
4406,0.3763863271916884
4407,0.3763608930408917
4408,0.3763011536761681
4409,0.3762777393776136
4410,0.3762744725689638
4411,0.3762601448477208
4412,0.3762736938260643
4413,0.3762668916030364
4414,0.3762432886884718
4415,0.3762373795583211
4416,0.3762135717745434
4417,0.376204356718298
4418,0.376173496908659
4419,0.3761523674995309
4420,0.3761215313567506
4421,0.3760935778264164
4422,0.3760678429533436
4423,0.3760339542902567
4424,0.3760214789915998
4425,0.3759690869020989
4426,0.3759403115448248
4427,0.3758890605326406
4428,0.375841798216479
4429,0.3758002850240662
4430,0.3757557044890059
4431,0.3757274425084457
4432,0.3756716642215315
4433,0.3756476142142961
4434,0.37558879406560336
4435,0.3755568477791188
4436,0.37549741088366334
4437,0.3754573569137175
4438,0.3754615261262655
4439,0.3754175387196123
4440,0.3754155583338229
4441,0.3753797312740835
4442,0.3753316134951264
4443,0.3753327266507152
4444,0.3752848586660381
4445,0.3752796120428169
4446,0.375229579780513
4447,0.37522522409008185
4448,0.375298468360593
4449,0.3752951983510869
4450,0.3753318524280369
4451,0.3753662983584555
4452,0.3753634559817376
4453,0.375358422655925
4454,0.3753373924439166
4455,0.37535493525411134
4456,0.3753490305947641
4457,0.375358459759905
4458,0.3753335064306257
4459,0.375340307361645
4460,0.3753615513470791
4461,0.3753591531261851
4462,0.3753777588489879
4463,0.3753803894289955
4464,0.3753946092522939
4465,0.375390457690156
4466,0.3754094783564551
4467,0.3754055443000498
4468,0.3754027043276341
4469,0.3753989917306476
4470,0.375390912668411
4471,0.3753904792211438
4472,0.37537192671283026
4473,0.3753752074467675
4474,0.37535950265768375
4475,0.3753586392704158
4476,0.3753547226407045
4477,0.3753381597559451
4478,0.3753281442111061
4479,0.37528936050833855
4480,0.3752948312573576
4481,0.3752802551077863
4482,0.3752523973159511
4483,0.3752143151399711
4484,0.3752230614740366
4485,0.3752215729303818
4486,0.3752081147869216
4487,0.3751922686113478
4488,0.375191657090554
4489,0.3751893058320074
4490,0.3751821716059708
4491,0.3751689529755667
4492,0.3751476975283719
4493,0.3751379681525807
4494,0.3751206385496877
4495,0.3751046192955794
4496,0.3750877378891029
4497,0.3750810680546224
4498,0.3750665862605659
4499,0.37503605034185
4500,0.3750152909537387
4501,0.3750032173376174
4502,0.3749885459943375
4503,0.3749801689558726
4504,0.3749642075859944
4505,0.374940449861208
4506,0.3749262365280201
4507,0.37491397883319877
4508,0.3748776829629645
4509,0.3748327394997867
4510,0.3748192084238227
4511,0.3747896644586472
4512,0.3747757145621134
4513,0.3747275836899915
4514,0.3747121373157769
4515,0.3748135044571147
4516,0.3747889667651013
4517,0.3748247544527909
4518,0.3748637697077592
4519,0.3748357809144572
4520,0.3748743451680367
4521,0.3748530623762905
4522,0.3748501440681019
4523,0.3748243410251631
4524,0.3748158170904657
4525,0.3747921897734237
4526,0.3747860490085503
4527,0.3747691247795933
4528,0.3747394827141704
4529,0.3746798806011664
4530,0.3746506993106516
4531,0.3746654986098973
4532,0.3746423662219041
4533,0.374627860801302
4534,0.37459957599862265
4535,0.374596498335403
4536,0.374573183546129
4537,0.3745496629078947
4538,0.3745188346407608
4539,0.3744742483679116
4540,0.3744331219426651
4541,0.374390721671459
4542,0.3743479084393457
4543,0.3743199459718816
4544,0.3742909201072983
4545,0.3742513765064821
4546,0.3742161456326275
4547,0.3741770626477376
4548,0.3741541015019455
4549,0.3741105381944642
4550,0.3740734320968815
4551,0.3740425646188191
4552,0.3739923987772264
4553,0.3739534080549284
4554,0.3739088567250204
4555,0.3738789042988619
4556,0.3738273114686941
4557,0.3737806690631161
4558,0.3737274024346163
4559,0.3736878687527267
4560,0.3736367842878684
4561,0.3735805806902179
4562,0.3735241855404041
4563,0.3735547213921664
4564,0.373603222199058
4565,0.3736245295395865
4566,0.3736563105621713
4567,0.3736947090417211
4568,0.3737080738270766
4569,0.3737378947837011
4570,0.3737388488321497
4571,0.3737648047999816
4572,0.3737580620272531
4573,0.3737709735027604
4574,0.3737509918360814
4575,0.3737777774636938
4576,0.3737757342894754
4577,0.37379674149145997
4578,0.3738109122476664
4579,0.3738135574649888
4580,0.3738004184916557
4581,0.3737981600197056
4582,0.3737521975071151
4583,0.3737476043589528
4584,0.3737076377511633
4585,0.3737051854648638
4586,0.3736829238931231
4587,0.3736704677499901
4588,0.373668236885691
4589,0.373656853163266
4590,0.3736586696063707
4591,0.3736468669268308
4592,0.373644004129938
4593,0.3736362504395487
4594,0.3736333908359855
4595,0.3736230911295282
4596,0.3736168342009291
4597,0.3736146175828334
4598,0.3735792562601563
4599,0.3735649392565498
4600,0.3735283278761361
4601,0.3735104166922748
4602,0.3734553615864102
4603,0.3734478716512778
4604,0.37339858093756334
4605,0.3733964086528336
4606,0.373361147759576
4607,0.3733229319402303
4608,0.3733241674467361
4609,0.3733714015635615
4610,0.3733601235215116
4611,0.3733649534308721
4612,0.3733494444927188
4613,0.3733589339048072
4614,0.373344491404065
4615,0.3733692207594229
4616,0.373390977008354
4617,0.373385002488184
4618,0.3733864354524113
4619,0.3733722146226224
4620,0.3733584223998263
4621,0.3733357551267898
4622,0.3733198615135291
4623,0.3733109488006169
4624,0.37330225092416386
4625,0.37326757119296455
4626,0.3732512811609626
4627,0.3732216936403023
4628,0.3732079525082771
4629,0.3731935835578929
4630,0.3731758436470391
4631,0.37316085369563784
4632,0.373133845441702
4633,0.3731289930962564
4634,0.3731173950641958
4635,0.3731053799775444
4636,0.3730952666021869
4637,0.3730782031423188
4638,0.3730584075097166
4639,0.373045781487867
4640,0.3730236835913977
4641,0.3729971728093466
4642,0.372968567401378
4643,0.3729456558082995
4644,0.3729238053495653
4645,0.37289060320883616
4646,0.3728643551010536
4647,0.372835804173097
4648,0.3728028493802625
4649,0.3727753727526654
4650,0.372745174926209
4651,0.3726765386225085
4652,0.372652673664921
4653,0.3726886747281355
4654,0.3727303310659763
4655,0.37269660424539774
4656,0.3727057085237309
4657,0.37266381630203
4658,0.3726955815754023
4659,0.37264615740042056
4660,0.3726699434323487
4661,0.3726155125174583
4662,0.3726059633781708
4663,0.3726270172805356
4664,0.3726562349910756
4665,0.3726760138849749
4666,0.37264111782799
4667,0.37265712187010747
4668,0.3726616045395238
4669,0.3726824125381163
4670,0.3726850051961357
4671,0.3727009878304933
4672,0.372694999186334
4673,0.3726789738347725
4674,0.3726547997318109
4675,0.37265237731196477
4676,0.3726455665015518
4677,0.3726193239069963
4678,0.3726072987611936
4679,0.3726011271165558
4680,0.372586395364871
4681,0.3725702077873086
4682,0.3725481814006653
4683,0.3725353469376341
4684,0.3724997726652755
4685,0.3725668953018688
4686,0.372554899753417
4687,0.3726023422046438
4688,0.3725895111899376
4689,0.3726121218953286
4690,0.3726034625864912
4691,0.3726312704611839
4692,0.3726188614714494
4693,0.3726408231978124
4694,0.3726534057908141
4695,0.3726428742159737
4696,0.3726654423293307
4697,0.3726542886156858
4698,0.37265187785100545
4699,0.3726334505817912
4700,0.3726428992249137
4701,0.3726288478167222
4702,0.3726239490140411
4703,0.3726319385881299
4704,0.3726085467684466
4705,0.3726204832786775
4706,0.3726143437554056
4707,0.3725963691985537
4708,0.3725676048184471
4709,0.3725749719542549
4710,0.3725646948896571
4711,0.3725467442402458
4712,0.3725215394949434
4713,0.3725214419207472
4714,0.3725064134972731
4715,0.3724766704424184
4716,0.3724697405858274
4717,0.3724555598502729
4718,0.3724494654991443
4719,0.3724147855407947
4720,0.372397723937297
4721,0.3723680374599271
4722,0.3723375343743065
4723,0.3723505106351384
4724,0.3723237483366868
4725,0.3723274111183042
4726,0.3722954925471658
4727,0.3722983316696447
4728,0.3722571266670109
4729,0.3722229665172007
4730,0.3721801386359351
4731,0.3721615050277616
4732,0.3721154002528664
4733,0.3720765429841418
4734,0.37204327677059723
4735,0.3720292257628315
4736,0.3720127029787921
4737,0.3720228111193073
4738,0.3719912327978603
4739,0.3719963892973821
4740,0.3719679227083399
4741,0.3719759684075345
4742,0.371931435206824
4743,0.3719749397874906
4744,0.3719650490084792
4745,0.3719967846497606
4746,0.3719934863154734
4747,0.3720322066944071
4748,0.3720167537145548
4749,0.3720381598017148
4750,0.37202209456850854
4751,0.37204596049213146
4752,0.3720445091597176
4753,0.3720410012431972
4754,0.3720562108447493
4755,0.3720541416679089
4756,0.3720621470918724
4757,0.3720522669574017
4758,0.372056159366615
4759,0.3720460788971179
4760,0.3720573659239225
4761,0.3720557098362643
4762,0.3720472783215683
4763,0.372059174080961
4764,0.3720544399163946
4765,0.3720388314825621
4766,0.3720306150693355
4767,0.3720474270990737
4768,0.3720377769178201
4769,0.3720402278871807
4770,0.372032427939896
4771,0.3720330342497711
4772,0.3720160175734875
4773,0.3720022854106104
4774,0.37199449864640144
4775,0.3719715603939621
4776,0.3719510879211203
4777,0.3719324656591009
4778,0.3719109852295314
4779,0.3718942193654152
4780,0.3718684583477561
4781,0.3718238895556656
4782,0.3718065360621876
4783,0.3717624054485806
4784,0.3717471141888861
4785,0.3717771995709022
4786,0.3717427047520977
4787,0.3717697143230064
4788,0.3717532087222855
4789,0.3717855147836403
4790,0.3718012711309629
4791,0.3717790545082999
4792,0.3717990913175184
4793,0.3717809649298049
4794,0.3717997692542054
4795,0.3717745116105595
4796,0.3717829097332236
4797,0.37176989783461895
4798,0.3717860390216439
4799,0.37175469061004746
4800,0.3717777554608463
4801,0.3717761627454305
4802,0.3717552222315957
4803,0.3717607610970222
4804,0.371751232577953
4805,0.3717748852737784
4806,0.3717496884364807
4807,0.3717662106816937
4808,0.37173431276343255
4809,0.3717483905087837
4810,0.37176510627451453
4811,0.3717313982842119
4812,0.3717288011027803
4813,0.3716993807205781
4814,0.37169435222342145
4815,0.3716702313019706
4816,0.3716656162093779
4817,0.3716342004020765
4818,0.3716364958572148
4819,0.3716077365120096
4820,0.3715958309396441
4821,0.37156952507523494
4822,0.3715426206754164
4823,0.3715173489183648
4824,0.3714701884947961
4825,0.3714185861240596
4826,0.3713846364862885
4827,0.3713719768137237
4828,0.371335820587759
4829,0.3713158826412431
4830,0.3712910918717452
4831,0.3712519347632484
4832,0.3713034831043095
4833,0.3712681850755429
4834,0.3712917850648022
4835,0.3713078905699564
4836,0.3713312717325898
4837,0.3713194559604144
4838,0.3713527329377425
4839,0.3713738683844662
4840,0.3713638711818368
4841,0.37136943695246466
4842,0.3713667175221553
4843,0.3713498600992352
4844,0.371319276768597
4845,0.3713147507133835
4846,0.3713071984082425
4847,0.3713268951280775
4848,0.371312886661097
4849,0.3713206716571731
4850,0.37132199925600734
4851,0.3713190914681072
4852,0.3713224350192663
4853,0.3713165046204971
4854,0.3713127933968731
4855,0.37130827757726415
4856,0.3712882511400086
4857,0.3712817272830592
4858,0.37125285294588184
4859,0.3712161373382584
4860,0.3712056041893052
4861,0.371177766938739
4862,0.371163622887971
4863,0.3711341947954036
4864,0.37112127091004854
4865,0.3710733613113707
4866,0.3710688976346328
4867,0.3711066487283697
4868,0.3711285086295292
4869,0.3711083650562596
4870,0.3711294123251162
4871,0.3711153022703889
4872,0.371126700842933
4873,0.3711115930457472
4874,0.3711229877097204
4875,0.371109090767913
4876,0.3711214845787237
4877,0.3711013744625068
4878,0.3711089509302334
4879,0.3711167250847332
4880,0.3710954249054874
4881,0.3710837544415144
4882,0.37105846031413936
4883,0.3710756546271332
4884,0.3710317411107792
4885,0.3710319083955322
4886,0.371010248103942
4887,0.3710140229174068
4888,0.37098977216335144
4889,0.370976337659623
4890,0.3709507025375374
4891,0.3709232765460091
4892,0.3709068615387743
4893,0.3708792541895534
4894,0.37089704201375
4895,0.3708674484510437
4896,0.3708920262776458
4897,0.3708862232160008
4898,0.3708558501278345
4899,0.3708660344448657
4900,0.37083467850732654
4901,0.3708426662740421
4902,0.3708109276703377
4903,0.3708187168383616
4904,0.3707846006183887
4905,0.37079418675542825
4906,0.3707684655500831
4907,0.3707734641140203
4908,0.3707501492752047
4909,0.3707083047621392
4910,0.3707049403471278
4911,0.3706683010616716
4912,0.3706456207549391
4913,0.3705950638301857
4914,0.3705714096090439
4915,0.3705730499206677
4916,0.370550802348988
4917,0.37053294153476146
4918,0.37050533727595986
4919,0.3704827168577107
4920,0.3704758181850033
4921,0.3704615641377589
4922,0.3704562624761665
4923,0.3704275062100197
4924,0.37042221258057184
4925,0.3703990373958341
4926,0.3703693148397713
4927,0.370364034483286
4928,0.37032658485628495
4929,0.3703072170756735
4930,0.3703448286644836
4931,0.370325266901628
4932,0.3703507561987018
4933,0.3703337802302268
4934,0.3703461667159597
4935,0.37031412645511586
4936,0.3703449509405005
4937,0.3703708081116753
4938,0.3703552327936685
4939,0.3703733498636665
4940,0.3703423270972373
4941,0.37036479697805386
4942,0.3703547800956276
4943,0.3703829809526295
4944,0.37035613817631
4945,0.3703623583288468
4946,0.3703848025823762
4947,0.3703597559617552
4948,0.3703544991193497
4949,0.370325314536117
4950,0.3703220430038209
4951,0.3702970269915861
4952,0.3703022605619839
4953,0.3702687605865774
4954,0.3702791338456226
4955,0.37024051521722323
4956,0.3702360772632299
4957,0.370237367137566
4958,0.3701918689690538
4959,0.3701773758179054
4960,0.3701753203330546
4961,0.3701683331212199
4962,0.37015523340956785
4963,0.3701498301910567
4964,0.3701322036114815
4965,0.3701195121506049
4966,0.3700924366573191
4967,0.3700884279970652
4968,0.3700651120400276
4969,0.3700524421258828
4970,0.3700966957230783
4971,0.3700867821031493
4972,0.3701172312528815
4973,0.3701004287498905
4974,0.3701064608361351
4975,0.3701384627481575
4976,0.3701289450818454
4977,0.3701335919407991
4978,0.3701199493552168
4979,0.37012341632098056
4980,0.3700997560032432
4981,0.3701193402852914
4982,0.37006444829244173
4983,0.3700728333453953
4984,0.37003937968474016
4985,0.370040107224713
4986,0.3700386748169768
4987,0.3699958244446158
4988,0.3700042131027329
4989,0.3699672719931463
4990,0.3699462351213967
4991,0.3698975498522848
4992,0.3698983007723808
4993,0.3698919930372479
4994,0.3698803948669081
4995,0.3698719367858335
4996,0.3698681846388716
4997,0.3698468016966758
4998,0.36983659146083786
4999,0.3698212932185793
5000,0.3698153989073867
5001,0.3697901264988037
5002,0.36976212324484814
5003,0.3697934224608363
5004,0.3698278405410312
5005,0.3698149089776198
5006,0.3698446162959117
5007,0.3698309047703896
5008,0.3698330332215926
5009,0.3698208926618717
5010,0.3698261486738732
5011,0.3698013143748626
5012,0.3698036415760172
5013,0.3697846798866129
5014,0.3697946243687182
5015,0.3697932420408753
5016,0.3697725364891783
5017,0.3697479354793928
5018,0.3697176851722276
5019,0.3696975898354399
5020,0.3696778919129262
5021,0.3696353862305154
5022,0.3695967953005789
5023,0.3695627017055828
5024,0.3695097166086112
5025,0.3694896801886606
5026,0.3694951712375219
5027,0.369462484858
5028,0.3694467523248842
5029,0.3694170073416364
5030,0.36942347982532864
5031,0.3694161318214036
5032,0.3694109269167297
5033,0.3693779038162897
5034,0.3693725129367057
5035,0.3693303690539796
5036,0.3693247939294
5037,0.36927295472818333
5038,0.3692640874598074
5039,0.369255417738098
5040,0.3692463626053371
5041,0.3692619798742159
5042,0.3692401094418833
5043,0.3692450423942783
5044,0.3692571564469362
5045,0.3692444219724508
5046,0.3692507097311535
5047,0.3692288623493263
5048,0.3692252572306561
5049,0.369199543721727
5050,0.3691860557071842
5051,0.3691764499855358
5052,0.36917867152627226
5053,0.3691510478344545
5054,0.36913699719485904
5055,0.3691353497438429
5056,0.3691092988558697
5057,0.3691076567409992
5058,0.3690847183293537
5059,0.3690780481773172
5060,0.3690464146254633
5061,0.3690430429747635
5062,0.3690454763117491
5063,0.3690167678888697
5064,0.3689932912387341
5065,0.3689605424267545
5066,0.3689558354007898
5067,0.3689290969945633
5068,0.3689166676871669
5069,0.3688974809362716
5070,0.3688813917025514
5071,0.36886086643591215
5072,0.3688436310657247
5073,0.3688387571053373
5074,0.3688099513475814
5075,0.3687682266414786
5076,0.3687423379565852
5077,0.3687112502867534
5078,0.3686921314275433
5079,0.3687023292089353
5080,0.3686645185504468
5081,0.3686700910043503
5082,0.3686729634209088
5083,0.36867313729236945
5084,0.3686887224796988
5085,0.3686781077288677
5086,0.3686778954954428
5087,0.3686570824776492
5088,0.36865879881750696
5089,0.3686177889516861
5090,0.3686173946320166
5091,0.3685998782920034
5092,0.3686021800004833
5093,0.3685865960361462
5094,0.3685502521630197
5095,0.3685281468730626
5096,0.36851027793165
5097,0.368487227020239
5098,0.368461878886842
5099,0.3684261670421498
5100,0.36841524283235816
5101,0.3684281325259865
5102,0.3684310346669114
5103,0.3683959311452147
5104,0.368398261874992
5105,0.36836106671885
5106,0.3683657044095396
5107,0.3683436808090167
5108,0.3683377728918521
5109,0.3683061762633986
5110,0.3682951013795512
5111,0.3682847970673761
5112,0.3682509280690202
5113,0.3682274163397184
5114,0.3681922291162513
5115,0.3681712257485965
5116,0.3681335723053301
5117,0.368162358643869
5118,0.3681339079409846
5119,0.3681313006611545
5120,0.3680785682656536
5121,0.3680807533650514
5122,0.3680756702609704
5123,0.3680965937413671
5124,0.3680903628682252
5125,0.3680898683862192
5126,0.368049624795037
5127,0.3680191399645076
5128,0.36800375737748986
5129,0.3679933461166538
5130,0.36796479766541723
5131,0.3679370231013466
5132,0.3679230021383609
5133,0.36792654421025
5134,0.3679090957149653
5135,0.3679134018683954
5136,0.3678984418099248
5137,0.3678935943583638
5138,0.3678687286108641
5139,0.3678440623685933
5140,0.3678447540019969
5141,0.3678233406171725
5142,0.3678007917369967
5143,0.3677843464529209
5144,0.3677728587313802
5145,0.3677472844805048
5146,0.3677171502788327
5147,0.3676908336487742
5148,0.3676633845613107
5149,0.367633471747627
5150,0.3676134617289815
5151,0.367587943108972
5152,0.3675536861471391
5153,0.3675443478126057
5154,0.3675025075034682
5155,0.3675133268973762
5156,0.3674728377100583
5157,0.3674638998659572
5158,0.3674564847653598
5159,0.3674486924816288
5160,0.3674317890242528
5161,0.3674209663881771
5162,0.3674147028470232
5163,0.3673985736891949
5164,0.3673961108448126
5165,0.3673672813392044
5166,0.367354014081506
5167,0.3673289949156682
5168,0.3673200995310166
5169,0.36728277460926334
5170,0.3672581604700212
5171,0.3672489029231233
5172,0.3672277136858244
5173,0.367198576813441
5174,0.3671662309367302
5175,0.3671287844292484
5176,0.3671112278177961
5177,0.36711033279290745
5178,0.3670920289377664
5179,0.3670809209457279
5180,0.3670684927771216
5181,0.3670454781227414
5182,0.3670090464127332
5183,0.366988318892898
5184,0.3669434046355905
5185,0.3669117349114686
5186,0.36687610854285946
5187,0.36684106150192386
5188,0.3668009272546865
5189,0.3667978195402222
5190,0.3667637492327502
5191,0.3667553633465467
5192,0.3667462254949931
5193,0.36673105258065136
5194,0.3667138097524817
5195,0.3667214716064176
5196,0.3667002764408549
5197,0.366691533379211
5198,0.3666711051942635
5199,0.3666389982017993
5200,0.3666036989070061
5201,0.36656671634188936
5202,0.3665419913928021
5203,0.366500700999515
5204,0.3664773143677164
5205,0.3664307785053309
5206,0.3664156945956903
5207,0.3663823604465343
5208,0.366384977807589
5209,0.3663772470372546
5210,0.3663407403233493
5211,0.3662937150656408
5212,0.3662986013792193
5213,0.3662910786172276
5214,0.3662611918492091
5215,0.3662206041601904
5216,0.3661899886380603
5217,0.3661469858070922
5218,0.3661094447151155
5219,0.3660829958026052
5220,0.3660554297196987
5221,0.3660213035009541
5222,0.3659729260374728
5223,0.3659228768146969
5224,0.3658886039061926
5225,0.3658470278405968
5226,0.3658037785643451
